0 0.808370 0.552766 0.383260 0.814549
0 0.954846 0.413934 0.090308 0.358607
0 0.816630 0.267418 0.064978 0.069672
0 0.778634 0.430840 0.116740 0.367828
0 0.632159 0.521004 0.211454 0.654713
0 0.709251 0.483094 0.094714 0.529713
0 0.547357 0.500000 0.158590 0.561475
0 0.514317 0.253586 0.107930 0.185451
0 0.586454 0.254611 0.120044 0.175205
0 0.427313 0.589652 0.202643 0.572746
0 0.288546 0.527664 0.189427 0.598361
0 0.367841 0.369365 0.085903 0.253074
0 0.377753 0.299180 0.059471 0.110656
0 0.210352 0.506660 0.125551 0.519467
0 0.074890 0.469262 0.147577 0.571721
0 0.039648 0.510758 0.077093 0.525615
