0 0.844271 0.525822 0.311457 0.948357
0 0.187987 0.597809 0.151279 0.629108
0 0.122914 0.415493 0.052280 0.233177
0 0.269188 0.444444 0.080089 0.319249
0 0.320356 0.437402 0.042269 0.264476
0 0.361513 0.470266 0.064516 0.330203
0 0.432147 0.470266 0.105673 0.383412
0 0.528921 0.470266 0.083426 0.364632
0 0.571190 0.436620 0.043382 0.228482
0 0.479978 0.355243 0.025584 0.078247
0 0.349277 0.354460 0.044494 0.111111
0 0.616796 0.461659 0.063404 0.353678
0 0.680200 0.485133 0.070078 0.406886
0 0.743604 0.470266 0.101224 0.452269
0 0.814238 0.408451 0.115684 0.244131
0 0.888209 0.374804 0.076752 0.201878
