0 0.108397 0.685550 0.213740 0.628900
0 0.381679 0.528736 0.140458 0.394089
0 0.469466 0.625616 0.096183 0.364532
0 0.561832 0.644499 0.085496 0.257800
0 0.311450 0.515599 0.103817 0.380952
0 0.264122 0.449097 0.070229 0.231527
0 0.206107 0.454023 0.070229 0.247947
0 0.177863 0.438424 0.056489 0.239737
0 0.090076 0.405583 0.122137 0.183908
0 0.500763 0.540230 0.125191 0.367816
0 0.651908 0.546798 0.103817 0.430213
0 0.720611 0.579639 0.103817 0.394089
0 0.717557 0.546798 0.122137 0.426929
0 0.922901 0.582102 0.087023 0.320197
0 0.971756 0.582102 0.056489 0.573071
0 0.829771 0.465517 0.077863 0.247947
0 0.777863 0.434319 0.074809 0.251232
