0 0.265351 0.856577 0.254386 0.286846
0 0.582237 0.845483 0.234649 0.309033
0 0.889254 0.904913 0.168860 0.190174
0 0.950658 0.625990 0.098684 0.380349
0 0.946272 0.534073 0.107456 0.339144
0 0.921053 0.498415 0.105263 0.369255
0 0.934211 0.319334 0.105263 0.141046
0 0.773026 0.532488 0.203947 0.358162
0 0.607456 0.453249 0.157895 0.348653
0 0.739035 0.360539 0.153509 0.201268
0 0.178728 0.540412 0.129386 0.133122
0 0.128289 0.491284 0.098684 0.152139
0 0.044956 0.490491 0.085526 0.175911
0 0.405702 0.508716 0.210526 0.231379
0 0.335526 0.405705 0.083333 0.256735
0 0.468202 0.377179 0.111842 0.228209
0 0.551535 0.274960 0.160088 0.226624
0 0.433114 0.183835 0.111842 0.126783
0 0.422149 0.264659 0.089912 0.158479
0 0.320175 0.267829 0.105263 0.060222
0 0.032895 0.284469 0.061404 0.251981
0 0.063596 0.240887 0.114035 0.244057
0 0.297149 0.229794 0.098684 0.117274
