0 0.797688 0.653689 0.289017 0.592213
0 0.484827 0.605020 0.391618 0.718238
0 0.249277 0.514857 0.284682 0.527664
0 0.135116 0.355020 0.085260 0.283811
0 0.196532 0.323258 0.080925 0.246926
0 0.270954 0.246414 0.053468 0.046107
0 0.291908 0.238217 0.031792 0.048156
0 0.340318 0.281250 0.105491 0.183402
0 0.507948 0.289447 0.076590 0.123975
0 0.520954 0.280225 0.062139 0.142418
0 0.574422 0.297643 0.082370 0.199795
0 0.976156 0.303279 0.047688 0.172131
0 0.971098 0.286885 0.049133 0.108607
0 0.916185 0.297131 0.089595 0.170082
0 0.885116 0.240779 0.050578 0.047131
0 0.828757 0.294057 0.105491 0.194672
0 0.712428 0.342725 0.106936 0.201844
0 0.734104 0.316086 0.063584 0.205943
0 0.704480 0.250512 0.082370 0.093238
0 0.679191 0.242828 0.057803 0.081967
0 0.763006 0.234631 0.095376 0.075820
