0 0.248718 0.768245 0.056410 0.242604
0 0.051923 0.548323 0.055128 0.173570
0 0.151923 0.576923 0.042308 0.163708
0 0.135897 0.546351 0.033333 0.138067
0 0.193590 0.556213 0.048718 0.153846
0 0.018590 0.364892 0.032051 0.145957
0 0.048718 0.367850 0.028205 0.140039
0 0.073718 0.378698 0.029487 0.130178
0 0.106410 0.351085 0.030769 0.130178
0 0.144872 0.343195 0.043590 0.118343
0 0.132692 0.454635 0.039744 0.088757
0 0.198077 0.362919 0.044872 0.114398
0 0.221795 0.347140 0.038462 0.138067
0 0.282692 0.361933 0.034615 0.143984
0 0.394231 0.564103 0.039744 0.157791
0 0.428205 0.531558 0.058974 0.218935
0 0.452564 0.559172 0.043590 0.163708
0 0.446154 0.409270 0.046154 0.151874
0 0.459615 0.356016 0.032051 0.128205
0 0.462821 0.270217 0.051282 0.145957
0 0.520513 0.368836 0.035897 0.138067
0 0.546795 0.360947 0.047436 0.157791
0 0.686538 0.269231 0.050000 0.116371
0 0.723718 0.481262 0.070513 0.157791
0 0.722436 0.531558 0.039744 0.104536
0 0.756410 0.475345 0.033333 0.134122
0 0.769231 0.573964 0.046154 0.165680
0 0.821154 0.601578 0.032051 0.102564
0 0.852564 0.492110 0.046154 0.136095
0 0.830769 0.497041 0.030769 0.126233
