0 0.326291 0.517745 0.270736 0.613779
0 0.417058 0.431106 0.179969 0.640919
0 0.500782 0.439457 0.219092 0.515658
0 0.607981 0.374739 0.151800 0.436326
0 0.241002 0.439457 0.143975 0.098121
0 0.166667 0.295407 0.048513 0.181628
0 0.289515 0.304802 0.037559 0.171190
0 0.233959 0.193111 0.014085 0.035491
0 0.330203 0.208768 0.018779 0.037578
0 0.675274 0.453027 0.086072 0.125261
0 0.776995 0.432150 0.164319 0.137787
0 0.722222 0.370564 0.114241 0.114823
0 0.884194 0.384134 0.093897 0.125261
0 0.776995 0.276618 0.045383 0.139875
0 0.829421 0.302714 0.034429 0.100209
0 0.859155 0.301670 0.050078 0.085595
0 0.925665 0.277662 0.035994 0.112735
