0 0.794004 0.628057 0.411992 0.743887
0 0.475822 0.528958 0.131528 0.290862
0 0.708897 0.536036 0.156673 0.323037
0 0.071567 0.728443 0.139265 0.342342
0 0.047389 0.393822 0.044487 0.041184
0 0.147002 0.391892 0.050290 0.042471
0 0.232108 0.399614 0.034816 0.027027
0 0.270793 0.388031 0.046422 0.047619
0 0.315280 0.391248 0.054159 0.033462
0 0.359768 0.397040 0.042553 0.032175
0 0.411025 0.397683 0.052224 0.038610
0 0.449710 0.402188 0.032882 0.029601
0 0.572534 0.393822 0.034816 0.041184
0 0.838491 0.391248 0.052224 0.046332
0 0.795938 0.393822 0.044487 0.041184
