0 0.543611 0.524707 0.227181 0.513654
0 0.061866 0.465540 0.119675 0.345904
0 0.118661 0.461638 0.103448 0.325098
0 0.136917 0.494798 0.115619 0.323797
0 0.409736 0.496749 0.133874 0.262679
0 0.201826 0.371261 0.107505 0.196359
0 0.274848 0.390767 0.095335 0.170351
0 0.619675 0.321196 0.058824 0.078023
0 0.565923 0.328999 0.068966 0.088427
0 0.644016 0.451886 0.123732 0.175553
0 0.743408 0.420026 0.123732 0.254876
0 0.848884 0.447334 0.229209 0.325098
0 0.970588 0.440832 0.058824 0.293888
0 0.790061 0.319896 0.070994 0.072822
