0 0.045601 0.362705 0.089588 0.411885
0 0.142454 0.361680 0.178370 0.538934
0 0.622680 0.572746 0.333333 0.813525
0 0.390234 0.590164 0.352704 0.719262
0 0.546812 0.188525 0.121872 0.243852
0 0.618241 0.245902 0.056497 0.153689
0 0.671106 0.378586 0.096045 0.451844
0 0.744149 0.355533 0.121065 0.512295
0 0.870460 0.333504 0.141243 0.550205
0 0.936239 0.192623 0.038741 0.077869
0 0.973366 0.199283 0.041969 0.093238
0 0.255448 0.265881 0.060533 0.175205
0 0.089992 0.284836 0.039548 0.159836
0 0.010492 0.185963 0.019370 0.130123
