0 0.156436 0.925926 0.114851 0.148148
0 0.266337 0.906085 0.120792 0.187831
0 0.362376 0.854497 0.213861 0.291005
0 0.225743 0.824074 0.091089 0.187831
0 0.180198 0.805556 0.087129 0.171958
0 0.100000 0.541005 0.065347 0.166667
0 0.051485 0.529101 0.047525 0.169312
0 0.025743 0.527778 0.035644 0.108466
0 0.196040 0.578042 0.079208 0.288360
0 0.367327 0.523810 0.100990 0.396825
0 0.465347 0.550265 0.126733 0.412698
0 0.512871 0.703704 0.154455 0.285714
0 0.629703 0.830688 0.201980 0.338624
0 0.792079 0.898148 0.174257 0.203704
0 0.930693 0.826720 0.138614 0.346561
0 0.903960 0.801587 0.089109 0.174603
0 0.771287 0.820106 0.239604 0.359788
0 0.715842 0.574074 0.069307 0.238095
0 0.789109 0.560847 0.061386 0.232804
0 0.952475 0.619048 0.063366 0.126984
