0 0.195572 0.700752 0.221402 0.415038
0 0.616236 0.810526 0.180812 0.225564
0 0.476937 0.778947 0.230627 0.249624
0 0.614391 0.781203 0.228782 0.254135
0 0.466790 0.561654 0.217712 0.428571
0 0.104244 0.526316 0.123616 0.372932
0 0.237085 0.509774 0.178967 0.288722
0 0.238007 0.436090 0.169742 0.225564
0 0.059963 0.248872 0.116236 0.317293
0 0.404982 0.366917 0.123616 0.303759
0 0.761070 0.537594 0.108856 0.317293
0 0.709410 0.508271 0.138376 0.384962
0 0.585793 0.818797 0.208487 0.242105
0 0.882841 0.374436 0.138376 0.231579
0 0.490775 0.264662 0.140221 0.279699
0 0.618081 0.365414 0.114391 0.351880
0 0.729705 0.326316 0.130996 0.288722
0 0.392989 0.185714 0.110701 0.178947
0 0.619004 0.179699 0.105166 0.169925
0 0.724170 0.163158 0.105166 0.230075
0 0.832103 0.239850 0.118081 0.338346
0 0.893911 0.159398 0.090406 0.258647
0 0.936347 0.150376 0.079336 0.291729
0 0.455720 0.091729 0.070111 0.156391
0 0.361624 0.071429 0.081181 0.103759
0 0.379151 0.048872 0.075646 0.085714
