0 0.346707 0.797342 0.358084 0.405316
0 0.014970 0.589701 0.027545 0.222591
0 0.023353 0.571429 0.041916 0.202658
0 0.062275 0.582226 0.055090 0.194352
0 0.091018 0.557309 0.047904 0.187708
0 0.131138 0.559801 0.044311 0.162791
0 0.227545 0.595515 0.067066 0.367110
0 0.179042 0.506645 0.025150 0.112957
0 0.276048 0.501661 0.025150 0.073090
0 0.318563 0.545681 0.122156 0.204319
0 0.356287 0.529070 0.027545 0.094684
0 0.438922 0.583887 0.113772 0.393688
0 0.559281 0.556478 0.050299 0.222591
0 0.602395 0.575581 0.064671 0.360465
0 0.919162 0.513289 0.053892 0.199336
0 0.845509 0.528239 0.064671 0.279070
0 0.782036 0.555648 0.074251 0.250831
0 0.706587 0.521595 0.033533 0.172757
0 0.673054 0.470930 0.023952 0.058140
0 0.645509 0.477575 0.031138 0.111296
