0 0.178313 0.650198 0.351807 0.699605
0 0.877108 0.718379 0.245783 0.563241
0 0.940964 0.501976 0.118072 0.213439
0 0.032530 0.418972 0.060241 0.146245
0 0.430120 0.563241 0.185542 0.383399
0 0.622892 0.510870 0.166265 0.270751
0 0.586747 0.399209 0.069880 0.090909
0 0.671084 0.453557 0.079518 0.148221
0 0.501205 0.450593 0.072289 0.173913
0 0.408434 0.398221 0.065060 0.096838
0 0.756627 0.404150 0.043373 0.092885
0 0.795181 0.399209 0.043373 0.102767
0 0.826506 0.412055 0.038554 0.116601
0 0.863855 0.427866 0.055422 0.128458
0 0.909639 0.409091 0.045783 0.075099
