0 0.687761 0.471751 0.090403 0.310734
0 0.703755 0.490584 0.089013 0.224105
0 0.563978 0.509416 0.132128 0.359699
0 0.621001 0.482109 0.059805 0.384181
0 0.538248 0.307910 0.066759 0.107345
0 0.473574 0.483992 0.062587 0.372881
0 0.426982 0.498117 0.061196 0.352166
0 0.388734 0.480226 0.062587 0.380414
0 0.354659 0.480226 0.066759 0.361582
0 0.295549 0.557439 0.126565 0.500942
0 0.279555 0.309793 0.069541 0.126177
0 0.335883 0.322976 0.062587 0.126177
0 0.227399 0.349341 0.037552 0.197740
0 0.171071 0.663842 0.261474 0.672316
