0 0.201578 0.639489 0.400287 0.721022
0 0.833572 0.738703 0.332855 0.522593
0 0.716643 0.481336 0.087518 0.432220
0 0.821377 0.416503 0.101865 0.239686
0 0.944763 0.460707 0.110473 0.465619
0 0.873745 0.406680 0.034433 0.125737
0 0.907461 0.378193 0.030129 0.159136
0 0.663558 0.373281 0.035868 0.129666
0 0.603300 0.438114 0.053085 0.208251
0 0.520086 0.465619 0.070301 0.216110
0 0.546628 0.431238 0.068867 0.218075
0 0.439742 0.481336 0.090387 0.227898
0 0.477762 0.448919 0.048780 0.222004
0 0.343615 0.563851 0.113343 0.475442
0 0.067432 0.474460 0.103300 0.296660
