0 0.044106 0.599042 0.086608 0.613419
0 0.192863 0.603035 0.111468 0.608626
0 0.287089 0.588658 0.115477 0.704473
0 0.358460 0.672524 0.065758 0.543131
0 0.342823 0.349042 0.029671 0.110224
0 0.374098 0.402556 0.058540 0.201278
0 0.428228 0.507188 0.062550 0.416933
0 0.460706 0.361022 0.039294 0.127796
0 0.486367 0.593450 0.080994 0.557508
0 0.566560 0.609425 0.097033 0.551118
0 0.534884 0.353834 0.025662 0.078275
0 0.562149 0.353834 0.020850 0.087859
0 0.591018 0.373003 0.014435 0.059105
0 0.608260 0.396166 0.029671 0.092652
0 0.666399 0.367412 0.033681 0.095847
0 0.698877 0.429712 0.036087 0.191693
0 0.653569 0.448083 0.043304 0.161342
0 0.746993 0.519169 0.052125 0.351438
0 0.789094 0.438498 0.035285 0.167732
0 0.738573 0.337859 0.012831 0.055911
0 0.755413 0.357029 0.017642 0.065495
0 0.820770 0.437700 0.032879 0.194888
0 0.860866 0.440895 0.036087 0.194888
