0 0.319773 0.928221 0.200824 0.143558
0 0.546344 0.889571 0.182286 0.220859
0 0.665294 0.739264 0.214212 0.519018
0 0.650875 0.661963 0.193615 0.600000
0 0.957261 0.247239 0.085479 0.384049
0 0.223996 0.840491 0.221421 0.319018
0 0.054068 0.795092 0.106076 0.409816
0 0.074150 0.663804 0.146241 0.574233
0 0.364058 0.707975 0.213182 0.547239
0 0.421730 0.564417 0.108136 0.539877
0 0.561792 0.538037 0.108136 0.516564
0 0.186406 0.202454 0.111226 0.127607
0 0.278579 0.216564 0.089598 0.187730
0 0.367147 0.234969 0.099897 0.253988
0 0.517508 0.166871 0.077240 0.331288
0 0.614830 0.113497 0.061792 0.224540
0 0.347580 0.134356 0.073120 0.266258
0 0.272400 0.118405 0.077240 0.234356
