0 0.935818 0.589888 0.128364 0.373034
0 0.932712 0.512360 0.111801 0.247191
0 0.898033 0.458989 0.073499 0.203371
0 0.864907 0.435955 0.052795 0.101124
0 0.805901 0.410674 0.075569 0.100000
0 0.750000 0.410112 0.096273 0.110112
0 0.721532 0.406180 0.066253 0.124719
0 0.672878 0.391573 0.095238 0.129213
0 0.605072 0.530337 0.145963 0.386517
0 0.477226 0.488202 0.078675 0.300000
0 0.515010 0.449438 0.038302 0.233708
0 0.348861 0.574719 0.211180 0.484270
0 0.257246 0.529213 0.116977 0.352809
0 0.389752 0.380899 0.044513 0.096629
0 0.305901 0.493258 0.056936 0.271910
0 0.273810 0.347753 0.044513 0.041573
0 0.197205 0.462360 0.096273 0.304494
0 0.141304 0.450000 0.069358 0.239326
0 0.065217 0.441573 0.084886 0.258427
0 0.119565 0.398315 0.034161 0.129213
