0 0.043820 0.851128 0.085393 0.297744
0 0.562921 0.825564 0.143820 0.345865
0 0.340449 0.553383 0.130337 0.442105
0 0.455056 0.485714 0.123596 0.430075
0 0.370225 0.116541 0.082022 0.218045
0 0.451124 0.142105 0.073034 0.187970
0 0.474157 0.102256 0.110112 0.192481
0 0.796629 0.639098 0.137079 0.418045
0 0.664045 0.529323 0.121348 0.418045
0 0.625843 0.461654 0.123596 0.415038
0 0.740449 0.481955 0.071910 0.377444
0 0.821910 0.441353 0.108989 0.263158
0 0.824719 0.369925 0.098876 0.195489
0 0.943258 0.505263 0.111236 0.436090
0 0.927528 0.299248 0.052809 0.273684
0 0.968539 0.190977 0.062921 0.210526
0 0.923596 0.147368 0.074157 0.207519
0 0.707865 0.184211 0.094382 0.302256
0 0.643258 0.162406 0.066292 0.264662
