0 0.907045 0.697039 0.185910 0.605923
0 0.903131 0.443052 0.193738 0.239180
0 0.684932 0.535308 0.109589 0.400911
0 0.760274 0.485194 0.052838 0.232346
0 0.846380 0.490888 0.080235 0.271071
0 0.798434 0.476082 0.090020 0.309795
0 0.543053 0.522779 0.115460 0.353075
0 0.593933 0.470387 0.064579 0.257403
0 0.464775 0.484055 0.068493 0.289294
0 0.524462 0.460137 0.105675 0.236902
0 0.431507 0.465831 0.076321 0.243736
0 0.386497 0.453303 0.052838 0.191344
0 0.343444 0.468109 0.060665 0.202733
0 0.291585 0.453303 0.062622 0.218679
0 0.208415 0.447608 0.056751 0.207289
0 0.248532 0.449886 0.046967 0.230068
0 0.112524 0.468109 0.052838 0.184510
0 0.065558 0.405467 0.060665 0.123007
0 0.022505 0.379271 0.041096 0.079727
0 0.144814 0.732346 0.285714 0.535308
