0 0.958506 0.653226 0.082988 0.693548
0 0.935685 0.477823 0.042877 0.149194
0 0.977870 0.405242 0.033195 0.088710
0 0.788382 0.646169 0.168741 0.707661
0 0.695021 0.537298 0.095436 0.385081
0 0.663209 0.411290 0.056708 0.197581
0 0.597510 0.536290 0.110650 0.411290
0 0.488935 0.546371 0.120332 0.455645
0 0.485477 0.331653 0.077455 0.143145
0 0.559474 0.362903 0.053942 0.125000
0 0.657676 0.412298 0.067773 0.211694
0 0.145920 0.621976 0.217151 0.663306
0 0.263485 0.528226 0.123098 0.572581
0 0.170816 0.272177 0.059474 0.096774
0 0.045643 0.349798 0.071923 0.159274
0 0.102351 0.343750 0.044260 0.102823
0 0.356846 0.525202 0.102351 0.469758
0 0.405947 0.522177 0.067773 0.399194
