0 0.500924 0.497541 0.177449 0.372131
0 0.302218 0.590984 0.153420 0.152459
0 0.120148 0.574590 0.166359 0.204918
0 0.012015 0.258197 0.020333 0.047541
0 0.026802 0.265574 0.042514 0.062295
0 0.060074 0.268033 0.046211 0.047541
0 0.105360 0.272951 0.022181 0.027869
0 0.125693 0.266393 0.036969 0.044262
0 0.157116 0.261475 0.033272 0.050820
0 0.195933 0.260656 0.033272 0.052459
0 0.232902 0.257377 0.025878 0.059016
0 0.612754 0.253279 0.020333 0.031148
0 0.702403 0.259016 0.033272 0.049180
0 0.972274 0.262295 0.029575 0.036066
0 0.941774 0.263934 0.027726 0.032787
