0 0.860892 0.534175 0.173228 0.340267
0 0.823491 0.497028 0.135171 0.372957
0 0.769029 0.427935 0.089239 0.252600
0 0.677165 0.336553 0.055118 0.117385
0 0.647638 0.530461 0.198163 0.505201
0 0.461942 0.552749 0.128609 0.421991
0 0.342520 0.540119 0.194226 0.411590
0 0.463255 0.342496 0.065617 0.138187
0 0.427822 0.349183 0.055118 0.127786
0 0.312336 0.337296 0.157480 0.136701
0 0.162073 0.409361 0.077428 0.268945
0 0.060367 0.407132 0.060367 0.237741
0 0.129265 0.402675 0.035433 0.240713
0 0.212598 0.382615 0.041995 0.164933
0 0.263123 0.377415 0.074803 0.187221
0 0.022966 0.376672 0.043307 0.173848
0 0.098425 0.375929 0.047244 0.163447
