0 0.467742 0.514781 0.297913 0.577121
0 0.764706 0.596401 0.144213 0.290488
0 0.080645 0.443445 0.157495 0.303342
0 0.128083 0.323907 0.077799 0.087404
0 0.210626 0.334190 0.045541 0.131105
0 0.240987 0.356684 0.064516 0.176093
0 0.299810 0.317481 0.041746 0.095116
0 0.326376 0.325835 0.041746 0.101542
0 0.357685 0.315553 0.039848 0.073265
0 0.507590 0.314910 0.062619 0.059126
0 0.588235 0.378535 0.094877 0.186375
0 0.640417 0.334833 0.066414 0.152956
0 0.730550 0.368252 0.125237 0.206941
0 0.791271 0.335476 0.045541 0.115681
0 0.824478 0.336761 0.047438 0.115681
0 0.864326 0.341260 0.066414 0.124679
