0 0.961257 0.517405 0.077485 0.370253
0 0.933480 0.382911 0.054094 0.123418
0 0.872076 0.531646 0.115497 0.376582
0 0.801901 0.378165 0.042398 0.079114
0 0.835526 0.373418 0.057018 0.104430
0 0.759503 0.522152 0.124269 0.392405
0 0.673246 0.527690 0.095029 0.371835
0 0.713450 0.364715 0.076023 0.112342
0 0.585526 0.515823 0.106725 0.373418
0 0.546053 0.365506 0.080409 0.088608
0 0.509503 0.526899 0.115497 0.386076
0 0.155702 0.549051 0.147661 0.522152
0 0.018275 0.577532 0.033626 0.518987
0 0.032895 0.512658 0.042398 0.246835
0 0.078216 0.547468 0.083333 0.332278
0 0.203947 0.537184 0.089181 0.365506
0 0.252924 0.386867 0.043860 0.096519
0 0.291667 0.530854 0.100877 0.365506
0 0.377193 0.513449 0.175439 0.454114
