0 0.961771 0.599635 0.076459 0.358445
0 0.880785 0.470231 0.025151 0.077764
0 0.836519 0.470838 0.025151 0.093560
0 0.805332 0.475091 0.019115 0.087485
0 0.821932 0.470838 0.022133 0.091130
0 0.786217 0.473876 0.025151 0.092345
0 0.757545 0.473876 0.024145 0.075334
0 0.719316 0.614824 0.110664 0.345079
0 0.679074 0.570474 0.074447 0.285541
0 0.594567 0.568044 0.098592 0.280680
0 0.507042 0.572296 0.086519 0.277035
0 0.378773 0.670109 0.063380 0.227217
0 0.427565 0.607533 0.098592 0.323208
0 0.556841 0.467193 0.017103 0.074119
0 0.577968 0.459903 0.019115 0.052248
0 0.623239 0.469016 0.017103 0.070474
0 0.643360 0.472661 0.021127 0.082625
0 0.653924 0.458080 0.018109 0.063183
0 0.250503 0.531592 0.072435 0.234508
0 0.213280 0.484204 0.030181 0.156744
