0 0.059347 0.551609 0.116716 0.537534
0 0.128586 0.414879 0.045500 0.148794
0 0.197329 0.470509 0.084075 0.359249
0 0.182987 0.404826 0.049456 0.195710
0 0.263600 0.443029 0.066271 0.213137
0 0.238872 0.404826 0.024728 0.158177
0 0.294758 0.396113 0.015826 0.097855
0 0.320969 0.385389 0.018793 0.068365
0 0.360040 0.479223 0.065282 0.288204
0 0.399110 0.406836 0.030663 0.116622
0 0.426311 0.454424 0.057369 0.217158
0 0.456973 0.605228 0.136499 0.534853
0 0.551434 0.469169 0.070227 0.297587
0 0.684471 0.569705 0.185955 0.536193
0 0.840752 0.539544 0.160237 0.542895
0 0.809594 0.458445 0.036597 0.278820
