0 0.948882 0.451276 0.102236 0.264501
0 0.650160 0.621810 0.134185 0.320186
0 0.456070 0.566705 0.241214 0.481439
0 0.266773 0.523202 0.277955 0.491879
0 0.089457 0.328306 0.041534 0.037123
0 0.182109 0.323086 0.028754 0.031323
0 0.488019 0.335267 0.030351 0.023202
0 0.515974 0.334107 0.028754 0.027842
0 0.540735 0.331787 0.023962 0.025522
0 0.560703 0.332947 0.028754 0.025522
0 0.613419 0.328306 0.047923 0.039443
0 0.699681 0.328306 0.041534 0.039443
0 0.774760 0.332367 0.028754 0.022042
0 0.730032 0.332947 0.028754 0.023202
0 0.841853 0.327146 0.054313 0.034803
