0 0.766892 0.506303 0.466216 0.987395
0 0.539696 0.847689 0.238176 0.304622
0 0.188345 0.706933 0.369932 0.586134
0 0.271115 0.531513 0.116554 0.445378
0 0.188345 0.491597 0.092905 0.302521
0 0.168074 0.510504 0.106419 0.273109
0 0.058277 0.429622 0.069257 0.119748
0 0.429899 0.627101 0.123311 0.439076
0 0.467905 0.572479 0.084459 0.451681
0 0.573480 0.544118 0.140203 0.495798
0 0.689189 0.580882 0.131757 0.497899
0 0.810811 0.514706 0.141892 0.327731
0 0.396959 0.439076 0.084459 0.252101
0 0.415541 0.411765 0.094595 0.193277
0 0.478885 0.489496 0.096284 0.315126
0 0.487331 0.387605 0.079392 0.186975
