0 0.038556 0.780382 0.074663 0.439236
0 0.016524 0.407118 0.030600 0.220486
0 0.041616 0.316840 0.080783 0.151042
0 0.205018 0.424479 0.067319 0.328125
0 0.271114 0.453993 0.096695 0.355903
0 0.222766 0.807292 0.137087 0.385417
0 0.176867 0.766493 0.116279 0.467014
0 0.370257 0.868924 0.148103 0.262153
0 0.555080 0.790799 0.148103 0.418403
0 0.320685 0.739583 0.090575 0.312500
0 0.399021 0.747396 0.119951 0.310764
0 0.405753 0.678819 0.108935 0.267361
0 0.751530 0.776042 0.070991 0.333333
0 0.721542 0.752604 0.096695 0.435764
0 0.547736 0.643229 0.084455 0.182292
0 0.514076 0.591146 0.080783 0.355903
0 0.570991 0.443576 0.094247 0.269097
0 0.507956 0.450521 0.078335 0.342014
0 0.170135 0.143229 0.068543 0.112847
0 0.274786 0.149306 0.040392 0.090278
0 0.376989 0.151042 0.058752 0.107639
0 0.435129 0.147569 0.052632 0.114583
0 0.396573 0.093750 0.036720 0.083333
0 0.507344 0.144965 0.047736 0.067708
0 0.488372 0.110243 0.048960 0.126736
0 0.513464 0.098958 0.035496 0.107639
0 0.566095 0.101562 0.050184 0.130208
0 0.546512 0.054688 0.033048 0.067708
0 0.600367 0.132812 0.072215 0.095486
0 0.616891 0.155382 0.044064 0.123264
0 0.655447 0.587674 0.086903 0.394097
0 0.659731 0.393229 0.080783 0.199653
0 0.838433 0.572917 0.095471 0.211806
0 0.902081 0.579861 0.058752 0.166667
0 0.942472 0.625000 0.053856 0.142361
0 0.722766 0.513021 0.094247 0.230903
0 0.728886 0.430556 0.079559 0.364583
0 0.798042 0.426215 0.078335 0.355903
0 0.842105 0.355903 0.056304 0.298611
0 0.867809 0.310764 0.053856 0.305556
