0 0.841304 0.500000 0.317391 0.996587
0 0.604348 0.523038 0.159420 0.441980
0 0.711594 0.575939 0.086957 0.158703
0 0.540580 0.503413 0.075362 0.307167
0 0.462319 0.489761 0.101449 0.331058
0 0.348551 0.548635 0.131884 0.554608
0 0.018841 0.467577 0.034783 0.068259
0 0.041304 0.463311 0.027536 0.069966
0 0.064493 0.469283 0.030435 0.071672
0 0.139855 0.473549 0.042029 0.063140
0 0.155072 0.458191 0.020290 0.052901
0 0.192754 0.462457 0.052174 0.095563
0 0.228261 0.480375 0.030435 0.059727
0 0.263043 0.482082 0.021739 0.039249
0 0.274638 0.477816 0.018841 0.047782
0 0.416667 0.471843 0.033333 0.073379
