0 0.657143 0.869365 0.309091 0.261270
0 0.949351 0.523566 0.101299 0.104508
0 0.344805 0.522029 0.242857 0.720287
0 0.633766 0.500512 0.220779 0.546107
0 0.890260 0.347848 0.118182 0.283811
0 0.215584 0.388320 0.109091 0.290984
0 0.393506 0.298156 0.080519 0.092213
0 0.465584 0.378586 0.100000 0.306352
0 0.512987 0.298668 0.070130 0.115779
0 0.688312 0.284324 0.049351 0.078893
0 0.736364 0.316086 0.049351 0.070697
0 0.792857 0.302766 0.076623 0.091189
0 0.808442 0.289447 0.032468 0.082992
0 0.962338 0.298668 0.054545 0.099385
0 0.971429 0.318135 0.057143 0.117828
