0 0.958529 0.703549 0.057903 0.242171
0 0.866980 0.628392 0.081377 0.338205
0 0.962441 0.550104 0.040689 0.056367
0 0.795775 0.638831 0.067293 0.304802
0 0.729264 0.629436 0.097027 0.269311
0 0.658842 0.605428 0.075117 0.292276
0 0.569640 0.604384 0.093897 0.260960
0 0.501565 0.553236 0.092332 0.288100
0 0.439750 0.506263 0.103286 0.331942
0 0.376369 0.540710 0.039124 0.233820
0 0.353678 0.509395 0.062598 0.258873
0 0.320814 0.519833 0.050078 0.217119
0 0.298905 0.565762 0.090767 0.125261
0 0.307512 0.432150 0.035994 0.045929
0 0.291080 0.501044 0.046948 0.162839
0 0.280125 0.459290 0.037559 0.100209
0 0.293427 0.396660 0.039124 0.041754
0 0.240219 0.472860 0.048513 0.227557
0 0.217527 0.473904 0.037559 0.187891
0 0.196401 0.456159 0.035994 0.194154
0 0.169014 0.454071 0.031299 0.194154
0 0.141628 0.468685 0.057903 0.198330
0 0.122066 0.450939 0.034429 0.200418
