0 0.791335 0.584375 0.187445 0.510417
0 0.658267 0.448958 0.080460 0.262500
0 0.555703 0.509375 0.128205 0.404167
0 0.465517 0.499479 0.106985 0.338542
0 0.265252 0.476042 0.116711 0.393750
0 0.185676 0.414583 0.072502 0.260417
0 0.150752 0.364583 0.032714 0.141667
0 0.197613 0.313542 0.016799 0.039583
0 0.210433 0.319792 0.021220 0.045833
0 0.238727 0.324479 0.022989 0.059375
0 0.297082 0.313542 0.010610 0.035417
0 0.337312 0.372396 0.046861 0.130208
0 0.353669 0.319792 0.014147 0.041667
0 0.383731 0.352604 0.037135 0.092708
0 0.414677 0.315625 0.010610 0.033333
0 0.422635 0.316146 0.008842 0.030208
0 0.438550 0.323958 0.014147 0.039583
0 0.450044 0.317708 0.008842 0.020833
0 0.460212 0.350000 0.036251 0.068750
0 0.499116 0.342187 0.025641 0.073958
0 0.522546 0.348958 0.037135 0.070833
0 0.581344 0.345833 0.027409 0.060417
