0 0.812687 0.496875 0.104895 0.312500
0 0.833167 0.433333 0.067932 0.129167
0 0.709291 0.416667 0.053946 0.172917
0 0.620380 0.565104 0.129870 0.582292
0 0.540460 0.596354 0.101898 0.503125
0 0.373626 0.579688 0.127872 0.432292
0 0.287213 0.525521 0.080919 0.338542
0 0.330669 0.424479 0.051948 0.188542
0 0.450050 0.398958 0.048951 0.137500
0 0.191309 0.494271 0.072927 0.278125
0 0.124376 0.503125 0.070929 0.364583
0 0.057443 0.544271 0.112887 0.415625
0 0.088412 0.545833 0.120879 0.402083
0 0.498002 0.386979 0.030969 0.101042
0 0.526474 0.371875 0.031968 0.072917
