0 0.080556 0.621542 0.155556 0.456522
0 0.526389 0.495059 0.169444 0.432806
0 0.950000 0.409091 0.100000 0.624506
0 0.715278 0.307312 0.125000 0.164032
0 0.898611 0.201581 0.052778 0.166008
0 0.851389 0.206522 0.075000 0.144269
0 0.784722 0.190711 0.075000 0.167984
0 0.623611 0.207510 0.102778 0.193676
0 0.452778 0.220356 0.088889 0.211462
0 0.538889 0.185771 0.077778 0.126482
0 0.222222 0.224308 0.100000 0.187747
0 0.187500 0.220356 0.102778 0.183794
0 0.134722 0.230237 0.075000 0.144269
0 0.118056 0.218379 0.080556 0.179842
0 0.048611 0.262846 0.091667 0.288538
