0 0.615912 0.523297 0.115226 0.433692
0 0.659808 0.429211 0.076818 0.335125
0 0.744856 0.291219 0.027435 0.044803
0 0.535665 0.378136 0.026063 0.129032
0 0.563100 0.362007 0.028807 0.125448
0 0.491770 0.434588 0.072702 0.310036
0 0.438957 0.505376 0.057613 0.480287
0 0.460219 0.482079 0.053498 0.308244
0 0.386145 0.509857 0.124829 0.482079
0 0.284636 0.532258 0.086420 0.462366
0 0.326475 0.518817 0.054870 0.442652
0 0.241427 0.515233 0.117970 0.550179
0 0.195473 0.552867 0.204390 0.528674
0 0.072702 0.590502 0.142661 0.560932
