0 0.084270 0.359722 0.061174 0.180556
0 0.128589 0.325694 0.044944 0.123611
0 0.323970 0.433333 0.101124 0.313889
0 0.610487 0.545139 0.159800 0.518056
0 0.807116 0.514583 0.066167 0.120833
0 0.808989 0.402083 0.089888 0.159722
0 0.953184 0.452083 0.066167 0.270833
0 0.963171 0.506944 0.073658 0.366667
0 0.759675 0.384722 0.051186 0.163889
0 0.718477 0.344444 0.043695 0.066667
0 0.715980 0.394444 0.031211 0.052778
0 0.682272 0.352083 0.063670 0.101389
0 0.455680 0.400000 0.074906 0.244444
0 0.514357 0.451389 0.139825 0.350000
0 0.568040 0.315278 0.037453 0.061111
0 0.492509 0.311111 0.043695 0.061111
0 0.394507 0.309028 0.024969 0.062500
0 0.410112 0.305556 0.023720 0.069444
0 0.430712 0.300694 0.022472 0.040278
