0 0.959033 0.572983 0.081935 0.626120
0 0.881046 0.543534 0.158934 0.682458
0 0.788746 0.371319 0.073050 0.212548
0 0.826752 0.303457 0.056269 0.107554
0 0.697927 0.514725 0.163870 0.491677
0 0.683119 0.323303 0.076999 0.172855
0 0.615499 0.338028 0.060217 0.163892
0 0.565647 0.480794 0.114511 0.449424
0 0.424482 0.482714 0.138203 0.504481
0 0.484699 0.460307 0.090819 0.472471
0 0.333169 0.466709 0.077986 0.459667
0 0.279368 0.462868 0.086871 0.428937
0 0.379566 0.316261 0.052320 0.117798
0 0.236426 0.459027 0.113524 0.395647
0 0.090326 0.264405 0.085884 0.137004
0 0.042942 0.274648 0.060217 0.101152
