0 0.115562 0.678367 0.228043 0.643266
0 0.342065 0.805158 0.277350 0.389685
0 0.855162 0.757880 0.289676 0.484241
0 0.028505 0.257163 0.053929 0.382521
0 0.084746 0.098854 0.055470 0.123209
0 0.106317 0.232092 0.073960 0.338109
0 0.167180 0.267908 0.097072 0.346705
0 0.160247 0.283668 0.126348 0.335244
0 0.263482 0.388968 0.135593 0.448424
0 0.362096 0.430516 0.160247 0.500000
0 0.341294 0.196275 0.078582 0.111748
0 0.183359 0.066619 0.110940 0.130372
0 0.276579 0.113181 0.078582 0.191977
0 0.361325 0.078080 0.127889 0.153295
0 0.365948 0.116762 0.103236 0.136103
0 0.522342 0.507880 0.187982 0.551576
0 0.514638 0.294413 0.151002 0.242120
0 0.441448 0.258596 0.075501 0.167622
0 0.624807 0.250716 0.143297 0.160458
0 0.621726 0.445559 0.097072 0.418338
0 0.711094 0.452722 0.155624 0.469914
0 0.699538 0.245702 0.144838 0.210602
0 0.791217 0.410458 0.140216 0.451289
0 0.866718 0.368195 0.109399 0.464183
0 0.932974 0.409742 0.134052 0.378223
0 0.701079 0.140401 0.110940 0.189112
0 0.622496 0.143266 0.126348 0.154728
0 0.530046 0.118911 0.166410 0.180516
0 0.929892 0.166189 0.084746 0.189112
