0 0.067752 0.600746 0.133403 0.510661
0 0.127101 0.547441 0.128151 0.436034
0 0.092437 0.338486 0.067227 0.107676
0 0.157563 0.508529 0.126050 0.466951
0 0.227416 0.474414 0.093487 0.362473
0 0.193277 0.340085 0.073529 0.083156
0 0.164391 0.279318 0.074580 0.089552
0 0.075630 0.225480 0.046218 0.118337
0 0.168067 0.204691 0.056723 0.151386
0 0.214811 0.212154 0.061975 0.153518
0 0.239496 0.282516 0.067227 0.125800
0 0.311450 0.446162 0.112395 0.361407
0 0.348739 0.219616 0.037815 0.087420
0 0.389706 0.220149 0.033613 0.092751
0 0.471113 0.242004 0.022059 0.049041
0 0.496324 0.246802 0.026261 0.041578
0 0.523634 0.238806 0.030462 0.042644
0 0.550945 0.239872 0.030462 0.038380
0 0.383403 0.533582 0.191176 0.436034
0 0.537815 0.545842 0.168067 0.601279
0 0.470063 0.489872 0.078782 0.448827
0 0.606092 0.522388 0.090336 0.479744
0 0.782563 0.546908 0.189076 0.571429
0 0.911765 0.541578 0.176471 0.505330
0 0.898634 0.502665 0.173319 0.491471
