0 0.217500 0.839181 0.361667 0.321637
0 0.255000 0.641326 0.176667 0.304094
0 0.310833 0.566277 0.131667 0.306043
0 0.020000 0.385965 0.036667 0.467836
0 0.063333 0.410331 0.123333 0.450292
0 0.167500 0.402534 0.121667 0.423002
0 0.298333 0.390838 0.116667 0.290448
0 0.395000 0.335283 0.063333 0.187135
0 0.414167 0.490253 0.091667 0.454191
0 0.488333 0.394737 0.100000 0.150097
0 0.478333 0.599415 0.146667 0.493177
0 0.546667 0.648148 0.060000 0.384016
0 0.585000 0.712476 0.160000 0.575049
0 0.690833 0.708577 0.195000 0.582846
0 0.666667 0.472710 0.076667 0.150097
0 0.785000 0.710526 0.080000 0.578947
0 0.882500 0.757310 0.208333 0.485380
0 0.850000 0.576023 0.133333 0.278752
0 0.951667 0.482456 0.096667 0.111111
0 0.970833 0.614035 0.058333 0.210526
0 0.602500 0.322612 0.108333 0.231969
0 0.504167 0.283626 0.091667 0.196881
0 0.698333 0.318713 0.133333 0.255361
0 0.721667 0.362573 0.106667 0.198830
0 0.740833 0.426901 0.108333 0.183236
0 0.801667 0.411306 0.073333 0.128655
0 0.871667 0.334308 0.163333 0.239766
0 0.788333 0.339181 0.113333 0.175439
0 0.955833 0.390838 0.088333 0.235867
