0 0.570274 0.494485 0.043532 0.235294
0 0.264925 0.391544 0.077114 0.220588
0 0.383085 0.289522 0.049751 0.170956
0 0.478234 0.314338 0.038557 0.158088
0 0.463308 0.296875 0.033582 0.141544
0 0.520522 0.297794 0.041045 0.143382
0 0.320274 0.117647 0.038557 0.147059
0 0.350746 0.123162 0.032338 0.139706
0 0.379975 0.121324 0.033582 0.143382
0 0.400498 0.131434 0.037313 0.126838
0 0.433458 0.125000 0.028607 0.161765
0 0.472015 0.113051 0.043532 0.141544
0 0.523632 0.113971 0.049751 0.125000
0 0.546020 0.104779 0.034826 0.136029
0 0.605721 0.113051 0.039801 0.130515
0 0.713930 0.305147 0.044776 0.150735
0 0.745647 0.273897 0.050995 0.202206
0 0.768657 0.296875 0.044776 0.163603
0 0.763682 0.159007 0.044776 0.152574
0 0.779229 0.109375 0.036070 0.123162
0 0.835821 0.123162 0.034826 0.143382
0 0.860075 0.112132 0.043532 0.154412
