0 0.615435 0.657292 0.215040 0.481250
0 0.379947 0.597396 0.335092 0.609375
0 0.142480 0.521875 0.121372 0.268750
0 0.230211 0.380208 0.133245 0.229167
0 0.509894 0.391667 0.093668 0.095833
0 0.501319 0.309896 0.036939 0.090625
0 0.529683 0.331250 0.035620 0.066667
0 0.574538 0.339583 0.054090 0.137500
0 0.624670 0.359375 0.069921 0.135417
0 0.711082 0.396875 0.097625 0.197917
0 0.680739 0.304688 0.050132 0.073958
0 0.771108 0.367708 0.062005 0.183333
0 0.831135 0.379167 0.073879 0.200000
0 0.918865 0.373437 0.085752 0.198958
