0 0.941667 0.594622 0.116667 0.810757
0 0.157292 0.610558 0.264583 0.778884
0 0.465625 0.493028 0.222917 0.496016
0 0.640625 0.503984 0.185417 0.466135
0 0.036458 0.565737 0.068750 0.366534
0 0.221875 0.299801 0.060417 0.101594
0 0.171875 0.323705 0.064583 0.141434
0 0.260417 0.503984 0.137500 0.262948
0 0.357292 0.447211 0.122917 0.384462
0 0.410417 0.299801 0.058333 0.121514
0 0.686458 0.383466 0.085417 0.272908
0 0.806250 0.367530 0.083333 0.260956
0 0.773958 0.329681 0.047917 0.201195
0 0.912500 0.314741 0.058333 0.135458
0 0.877083 0.277888 0.037500 0.073705
