0 0.079409 0.588542 0.156971 0.681250
0 0.358264 0.580208 0.206833 0.622917
0 0.506925 0.480208 0.134811 0.502083
0 0.640351 0.570312 0.220683 0.655208
0 0.566944 0.314583 0.035088 0.072917
0 0.697138 0.342187 0.064635 0.111458
0 0.769160 0.416667 0.077562 0.268750
0 0.818098 0.366146 0.042475 0.165625
0 0.826408 0.351562 0.055402 0.167708
0 0.871653 0.363021 0.049861 0.184375
0 0.900277 0.379167 0.060942 0.185417
0 0.929825 0.304688 0.018467 0.046875
0 0.970452 0.323958 0.059095 0.102083
0 0.851339 0.342708 0.035088 0.170833
