0 0.980641 0.469262 0.038718 0.358607
0 0.404539 0.655225 0.232310 0.687500
0 0.500000 0.608094 0.401869 0.748975
0 0.197597 0.492828 0.213618 0.534836
0 0.312417 0.429303 0.160214 0.463115
0 0.033378 0.283811 0.064085 0.159836
0 0.039386 0.263832 0.041389 0.066598
0 0.065421 0.261270 0.029372 0.057377
0 0.094793 0.244365 0.032043 0.035861
0 0.116155 0.241803 0.029372 0.032787
0 0.098131 0.316086 0.126836 0.130123
0 0.392523 0.297131 0.085447 0.133197
0 0.261015 0.242828 0.100134 0.102459
0 0.429239 0.278689 0.065421 0.102459
0 0.470628 0.268955 0.076101 0.091189
0 0.589453 0.279201 0.054740 0.103484
0 0.641522 0.372951 0.110814 0.280738
0 0.726969 0.336578 0.062750 0.203893
0 0.694927 0.330430 0.078772 0.203893
0 0.785047 0.347336 0.064085 0.153689
0 0.854473 0.330943 0.048064 0.122951
0 0.890521 0.341189 0.077437 0.143443
0 0.959947 0.357582 0.080107 0.200820
