0 0.404516 0.525028 0.166452 0.503982
0 0.022581 0.414107 0.042581 0.254835
0 0.043871 0.412969 0.051613 0.222981
0 0.121935 0.429465 0.094194 0.240046
0 0.116774 0.315700 0.070968 0.087600
0 0.185161 0.331627 0.052903 0.073948
0 0.216774 0.423777 0.103226 0.217292
0 0.314194 0.415245 0.078710 0.213879
0 0.279355 0.350967 0.050323 0.096701
0 0.536774 0.389078 0.030968 0.084187
0 0.580000 0.344710 0.032258 0.047782
0 0.606452 0.532992 0.190968 0.513083
0 0.731613 0.429465 0.121290 0.278726
0 0.802581 0.427190 0.108387 0.267349
0 0.928387 0.439704 0.107097 0.244596
0 0.892258 0.386234 0.058065 0.117179
0 0.965161 0.368601 0.051613 0.131968
