0 0.126928 0.559426 0.251483 0.881148
0 0.129300 0.358607 0.083037 0.125000
0 0.157770 0.329406 0.023725 0.044057
0 0.176157 0.365266 0.034401 0.130123
0 0.214116 0.375512 0.055753 0.175205
0 0.268090 0.375000 0.054567 0.172131
0 0.283511 0.312500 0.009490 0.012295
0 0.354093 0.291496 0.055753 0.064549
0 0.418743 0.393443 0.073547 0.159836
0 0.459668 0.340676 0.022539 0.054303
0 0.482800 0.410348 0.059312 0.169057
0 0.482206 0.321721 0.017794 0.030738
0 0.503559 0.370389 0.032028 0.130123
0 0.538553 0.340164 0.026097 0.051230
0 0.661922 0.343238 0.021352 0.061475
0 0.657770 0.326844 0.027284 0.043033
0 0.790629 0.451844 0.069988 0.250000
0 0.918149 0.390881 0.094899 0.162910
0 0.844603 0.371414 0.059312 0.054303
0 0.718268 0.367828 0.058126 0.071721
0 0.733689 0.337602 0.024911 0.048156
0 0.750297 0.340164 0.032028 0.040984
0 0.690985 0.352459 0.029656 0.073770
0 0.344009 0.529713 0.170819 0.444672
0 0.593120 0.523566 0.177936 0.502049
