0 0.137417 0.739216 0.271523 0.521569
0 0.411424 0.843137 0.233444 0.313725
0 0.807119 0.883333 0.326159 0.233333
0 0.849338 0.892157 0.185430 0.215686
0 0.821192 0.732353 0.188742 0.237255
0 0.882450 0.707843 0.132450 0.356863
0 0.969371 0.512745 0.061258 0.300000
0 0.975166 0.671569 0.049669 0.547059
0 0.875828 0.531373 0.122517 0.352941
0 0.746689 0.514706 0.139073 0.429412
0 0.635762 0.537255 0.139073 0.427451
0 0.569536 0.498039 0.082781 0.454902
0 0.489238 0.503922 0.100993 0.403922
0 0.454470 0.574510 0.127483 0.356863
0 0.378311 0.530392 0.094371 0.311765
0 0.324503 0.500000 0.092715 0.392157
0 0.245861 0.484314 0.117550 0.368627
0 0.226821 0.637255 0.165563 0.427451
0 0.144868 0.471569 0.087748 0.154902
