0 0.111475 0.654839 0.219672 0.643011
0 0.290164 0.412903 0.114754 0.331183
0 0.490164 0.547849 0.259016 0.521505
0 0.607377 0.501613 0.201639 0.476344
0 0.554098 0.269892 0.101639 0.101075
0 0.653279 0.461828 0.201639 0.502151
0 0.782787 0.405914 0.126230 0.340860
0 0.875410 0.387097 0.134426 0.378495
0 0.951639 0.269355 0.096721 0.151613
0 0.923770 0.499462 0.152459 0.454839
0 0.663115 0.227419 0.106557 0.100000
0 0.701639 0.286022 0.098361 0.090323
0 0.788525 0.217204 0.131148 0.113978
0 0.959836 0.163978 0.054098 0.089247
0 0.750820 0.151613 0.075410 0.156989
0 0.672951 0.143011 0.109836 0.148387
0 0.525410 0.163978 0.077049 0.110753
0 0.215574 0.325806 0.122951 0.225806
0 0.096721 0.351075 0.131148 0.186022
0 0.100000 0.265054 0.059016 0.061290
0 0.163115 0.239785 0.083607 0.122581
0 0.067213 0.147849 0.072131 0.179570
0 0.099180 0.151613 0.057377 0.139785
0 0.138525 0.132258 0.054098 0.131183
0 0.203279 0.140860 0.081967 0.152688
0 0.294262 0.128495 0.100000 0.166667
0 0.238525 0.101075 0.044262 0.047312
0 0.361475 0.135484 0.040984 0.038710
0 0.402459 0.131720 0.047541 0.039785
0 0.445082 0.134409 0.047541 0.034409
