0 0.153125 0.313542 0.062500 0.231250
0 0.211719 0.316667 0.067187 0.225000
0 0.248438 0.328125 0.028125 0.197917
0 0.283594 0.329167 0.048438 0.208333
0 0.335938 0.262500 0.037500 0.100000
0 0.447656 0.330208 0.051562 0.222917
0 0.471875 0.262500 0.050000 0.141667
0 0.484375 0.315625 0.037500 0.231250
0 0.522656 0.339583 0.057813 0.195833
0 0.512500 0.248958 0.037500 0.081250
0 0.666406 0.309375 0.032813 0.122917
0 0.712500 0.319792 0.062500 0.227083
0 0.750781 0.327083 0.045312 0.204167
0 0.795312 0.329167 0.059375 0.208333
0 0.609375 0.495833 0.190625 0.675000
0 0.375781 0.511458 0.176563 0.614583
