0 0.044531 0.597917 0.060937 0.287500
0 0.152344 0.611458 0.076563 0.272917
0 0.211719 0.605208 0.057813 0.289583
0 0.175781 0.505208 0.035937 0.072917
0 0.317969 0.582292 0.070312 0.218750
0 0.482812 0.596875 0.065625 0.239583
0 0.417969 0.521875 0.029687 0.093750
0 0.440625 0.511458 0.025000 0.068750
0 0.578906 0.593750 0.070312 0.225000
0 0.696094 0.533333 0.032813 0.129167
0 0.741406 0.572917 0.057813 0.204167
0 0.792969 0.571875 0.060937 0.210417
0 0.839063 0.566667 0.050000 0.212500
0 0.747656 0.486458 0.045312 0.089583
0 0.908594 0.535417 0.039062 0.166667
