0 0.815625 0.632292 0.103125 0.397917
0 0.869531 0.641667 0.073438 0.375000
0 0.676562 0.731250 0.081250 0.345833
0 0.585938 0.689583 0.103125 0.416667
0 0.490625 0.672917 0.096875 0.408333
0 0.667188 0.555208 0.106250 0.214583
0 0.628125 0.508333 0.040625 0.104167
0 0.554688 0.536458 0.034375 0.106250
0 0.559375 0.493750 0.037500 0.095833
0 0.582812 0.497917 0.040625 0.091667
0 0.528906 0.493750 0.039062 0.095833
0 0.540625 0.461458 0.034375 0.047917
0 0.471875 0.481250 0.043750 0.079167
0 0.475000 0.459375 0.050000 0.097917
0 0.503906 0.476042 0.023438 0.085417
0 0.450781 0.591667 0.054688 0.250000
0 0.383594 0.539583 0.070312 0.208333
0 0.414062 0.523958 0.043750 0.218750
0 0.340625 0.514583 0.065625 0.212500
0 0.314844 0.488542 0.042188 0.206250
0 0.349219 0.443750 0.039062 0.108333
0 0.377344 0.430208 0.045312 0.056250
