0 0.563281 0.566667 0.126562 0.437500
0 0.862500 0.503125 0.065625 0.222917
0 0.754687 0.426042 0.046875 0.118750
0 0.714844 0.433333 0.045312 0.129167
0 0.595313 0.395833 0.043750 0.066667
0 0.530469 0.389583 0.023438 0.054167
0 0.510156 0.498958 0.042188 0.231250
0 0.455469 0.596875 0.079687 0.410417
0 0.392969 0.482292 0.051562 0.210417
0 0.433594 0.417708 0.035937 0.110417
0 0.368750 0.428125 0.028125 0.110417
0 0.349219 0.385417 0.026562 0.033333
0 0.335156 0.406250 0.045312 0.095833
0 0.324219 0.488542 0.079687 0.214583
0 0.289062 0.428125 0.018750 0.131250
0 0.274219 0.415625 0.029687 0.122917
0 0.262500 0.427083 0.028125 0.133333
0 0.244531 0.472917 0.048438 0.233333
0 0.220312 0.508333 0.075000 0.241667
0 0.199219 0.423958 0.042188 0.102083
0 0.158594 0.414583 0.079687 0.145833
0 0.136719 0.553125 0.079687 0.381250
0 0.077344 0.545833 0.079687 0.358333
