0 0.967969 0.557292 0.060937 0.156250
0 0.943750 0.543750 0.043750 0.137500
0 0.820312 0.558333 0.040625 0.170833
0 0.835938 0.553125 0.034375 0.160417
0 0.771875 0.553125 0.062500 0.164583
0 0.727344 0.553125 0.054688 0.168750
0 0.517188 0.592708 0.053125 0.252083
0 0.543750 0.575000 0.028125 0.166667
0 0.562500 0.567708 0.031250 0.168750
0 0.581250 0.563542 0.037500 0.160417
0 0.617969 0.562500 0.048438 0.191667
0 0.498437 0.558333 0.043750 0.187500
0 0.476562 0.509375 0.028125 0.060417
0 0.458594 0.571875 0.051562 0.164583
0 0.412500 0.573958 0.040625 0.168750
0 0.429688 0.557292 0.025000 0.164583
0 0.374219 0.567708 0.039062 0.156250
0 0.332813 0.565625 0.037500 0.160417
0 0.307031 0.502083 0.020313 0.045833
0 0.294531 0.588542 0.054688 0.210417
0 0.239844 0.586458 0.057813 0.214583
0 0.198437 0.581250 0.065625 0.216667
