0 0.514844 0.596875 0.189062 0.597917
0 0.443750 0.559375 0.103125 0.539583
0 0.407813 0.373958 0.025000 0.102083
0 0.381250 0.372917 0.031250 0.108333
0 0.242969 0.381250 0.026562 0.100000
0 0.275781 0.369792 0.026562 0.093750
0 0.261719 0.371875 0.020313 0.093750
0 0.182031 0.406250 0.035937 0.112500
0 0.159375 0.394792 0.034375 0.135417
0 0.137500 0.379167 0.031250 0.112500
0 0.127344 0.375000 0.023438 0.104167
0 0.102344 0.378125 0.032813 0.093750
0 0.061719 0.392708 0.039062 0.110417
0 0.020313 0.417708 0.037500 0.181250
0 0.038281 0.381250 0.032813 0.108333
