0 0.146875 0.452083 0.050000 0.095833
0 0.237500 0.539583 0.068750 0.279167
0 0.277344 0.528125 0.051562 0.231250
0 0.306250 0.539583 0.050000 0.250000
0 0.361719 0.558333 0.085938 0.325000
0 0.430469 0.520833 0.064062 0.250000
0 0.480469 0.514583 0.067187 0.250000
0 0.452344 0.467708 0.035937 0.160417
0 0.522656 0.454167 0.017188 0.079167
0 0.535937 0.446875 0.018750 0.072917
0 0.567969 0.475000 0.051562 0.150000
0 0.614062 0.476042 0.046875 0.147917
0 0.663281 0.522917 0.067187 0.233333
0 0.792969 0.546875 0.092188 0.306250
