0 0.757812 0.539583 0.068750 0.233333
0 0.784375 0.486458 0.050000 0.181250
0 0.719531 0.533333 0.060937 0.229167
0 0.703906 0.513542 0.048438 0.239583
0 0.664062 0.526042 0.053125 0.239583
0 0.641406 0.523958 0.029687 0.202083
0 0.626563 0.455208 0.031250 0.081250
0 0.607031 0.521875 0.042188 0.227083
0 0.575000 0.533333 0.071875 0.233333
0 0.540625 0.540625 0.050000 0.206250
0 0.549219 0.444792 0.042188 0.064583
0 0.525000 0.432292 0.040625 0.072917
0 0.505469 0.531250 0.039062 0.225000
0 0.482812 0.446875 0.028125 0.064583
0 0.451562 0.530208 0.071875 0.235417
0 0.425000 0.441667 0.040625 0.054167
0 0.403125 0.458333 0.028125 0.058333
0 0.389062 0.537500 0.053125 0.220833
0 0.348438 0.535417 0.021875 0.212500
0 0.357812 0.538542 0.034375 0.222917
0 0.321094 0.535417 0.064062 0.241667
0 0.181250 0.502083 0.031250 0.158333
0 0.035156 0.542708 0.067187 0.268750
