0 0.609375 0.513542 0.215625 0.593750
0 0.632031 0.288542 0.076563 0.197917
0 0.597656 0.210417 0.042188 0.054167
0 0.065625 0.270833 0.043750 0.112500
0 0.023438 0.247917 0.018750 0.062500
0 0.035156 0.253125 0.020313 0.077083
0 0.073438 0.244792 0.018750 0.060417
0 0.090625 0.241667 0.021875 0.062500
0 0.134375 0.247917 0.025000 0.070833
0 0.159375 0.231250 0.015625 0.041667
0 0.175781 0.233333 0.014063 0.045833
0 0.185156 0.234375 0.014063 0.056250
0 0.198437 0.229167 0.018750 0.045833
0 0.322656 0.263542 0.045312 0.135417
0 0.339062 0.237500 0.025000 0.087500
0 0.372656 0.236458 0.032813 0.097917
0 0.396094 0.233333 0.026562 0.100000
0 0.784375 0.232292 0.028125 0.089583
0 0.808594 0.237500 0.029687 0.087500
0 0.845313 0.213542 0.015625 0.052083
0 0.864062 0.216667 0.018750 0.054167
