0 0.289844 0.511458 0.076563 0.347917
0 0.497656 0.609375 0.126562 0.435417
0 0.422656 0.458333 0.051562 0.108333
0 0.464062 0.421875 0.031250 0.102083
0 0.500000 0.386458 0.028125 0.039583
0 0.570312 0.409375 0.018750 0.047917
0 0.584375 0.392708 0.012500 0.060417
0 0.612500 0.423958 0.037500 0.114583
0 0.678125 0.400000 0.018750 0.070833
0 0.645312 0.389583 0.015625 0.054167
0 0.776563 0.447917 0.043750 0.162500
0 0.825781 0.440625 0.051562 0.168750
0 0.906250 0.473958 0.059375 0.227083
0 0.960156 0.461458 0.064062 0.218750
