0 0.251563 0.363194 0.048958 0.145833
0 0.290625 0.379861 0.052083 0.129167
0 0.289583 0.359028 0.039583 0.154167
0 0.410938 0.383333 0.090625 0.194444
0 0.501563 0.379861 0.046875 0.179167
0 0.536979 0.381250 0.071875 0.204167
0 0.493229 0.351389 0.042708 0.113889
0 0.570312 0.343750 0.017708 0.062500
0 0.590625 0.344444 0.016667 0.038889
0 0.602604 0.344444 0.015625 0.044444
0 0.620833 0.353472 0.027083 0.059722
0 0.647396 0.353472 0.028125 0.065278
0 0.681250 0.335417 0.018750 0.040278
0 0.704688 0.350000 0.030208 0.066667
0 0.799479 0.350000 0.044792 0.063889
0 0.855208 0.340278 0.014583 0.055556
0 0.834896 0.334722 0.015625 0.044444
