0 0.021875 0.540972 0.041667 0.212500
0 0.311979 0.520139 0.053125 0.118056
0 0.359896 0.510417 0.036458 0.131944
0 0.412500 0.565278 0.081250 0.272222
0 0.466146 0.559028 0.036458 0.145833
0 0.540104 0.574306 0.092708 0.273611
0 0.632812 0.567361 0.069792 0.270833
0 0.686458 0.540278 0.068750 0.208333
0 0.757812 0.529861 0.084375 0.259722
0 0.576562 0.525694 0.048958 0.204167
0 0.516667 0.525694 0.062500 0.173611
0 0.929688 0.457639 0.026042 0.115278
0 0.906771 0.456250 0.019792 0.095833
0 0.882812 0.457639 0.023958 0.084722
