0 0.076563 0.520833 0.040625 0.075000
0 0.112500 0.573611 0.085417 0.163889
0 0.114583 0.566667 0.085417 0.116667
0 0.230208 0.556250 0.052083 0.126389
0 0.372917 0.564583 0.064583 0.173611
0 0.397917 0.577083 0.047917 0.173611
0 0.471354 0.575000 0.082292 0.186111
0 0.426563 0.518056 0.028125 0.083333
0 0.442188 0.511111 0.023958 0.069444
0 0.456771 0.548611 0.038542 0.122222
0 0.464062 0.480556 0.017708 0.027778
0 0.516146 0.533333 0.042708 0.111111
0 0.550000 0.561806 0.087500 0.173611
0 0.624479 0.545833 0.034375 0.133333
0 0.652083 0.520139 0.031250 0.101389
0 0.766667 0.503472 0.025000 0.073611
