0 0.059375 0.397917 0.116667 0.204167
0 0.257292 0.438889 0.050000 0.191667
0 0.316667 0.461111 0.058333 0.275000
0 0.375521 0.506250 0.119792 0.320833
0 0.330729 0.481250 0.042708 0.268056
0 0.457813 0.470833 0.096875 0.322222
0 0.523438 0.468750 0.057292 0.276389
0 0.572396 0.492361 0.063542 0.320833
0 0.617188 0.547917 0.080208 0.256944
0 0.614062 0.405556 0.044792 0.075000
0 0.686979 0.427083 0.076042 0.115278
0 0.725000 0.415278 0.150000 0.144444
0 0.807292 0.429167 0.120833 0.130556
0 0.947917 0.524306 0.104167 0.390278
