0 0.039583 0.362500 0.060417 0.133333
0 0.138542 0.447222 0.127083 0.330556
0 0.171875 0.422222 0.112500 0.305556
0 0.269271 0.419444 0.105208 0.294444
0 0.353125 0.420833 0.095833 0.311111
0 0.423958 0.368750 0.043750 0.137500
0 0.459896 0.383333 0.055208 0.163889
0 0.478125 0.390278 0.060417 0.183333
0 0.523438 0.384722 0.059375 0.172222
0 0.687500 0.377778 0.041667 0.158333
0 0.721875 0.388194 0.058333 0.176389
0 0.775521 0.380556 0.069792 0.197222
0 0.791667 0.384028 0.045833 0.176389
0 0.873958 0.386111 0.060417 0.169444
