0 0.306771 0.866667 0.151042 0.233333
0 0.160417 0.772222 0.116667 0.455556
0 0.057813 0.575694 0.065625 0.115278
0 0.076563 0.512500 0.069792 0.152778
0 0.123958 0.612500 0.060417 0.250000
0 0.170833 0.561806 0.050000 0.165278
0 0.197917 0.581250 0.062500 0.198611
0 0.230729 0.562500 0.053125 0.208333
0 0.200000 0.475000 0.064583 0.105556
0 0.258333 0.538889 0.050000 0.205556
0 0.303646 0.525000 0.042708 0.144444
0 0.300000 0.436111 0.020833 0.055556
0 0.308333 0.463194 0.043750 0.079167
0 0.335417 0.480556 0.029167 0.072222
0 0.347917 0.465972 0.022917 0.076389
0 0.351042 0.451389 0.027083 0.094444
0 0.378125 0.450694 0.027083 0.073611
0 0.433333 0.472222 0.020833 0.055556
0 0.435937 0.446528 0.017708 0.043056
0 0.417187 0.444444 0.019792 0.058333
0 0.472917 0.435417 0.022917 0.059722
0 0.519271 0.443750 0.021875 0.065278
0 0.532813 0.429861 0.015625 0.040278
0 0.578125 0.524306 0.043750 0.193056
0 0.607812 0.518056 0.019792 0.200000
0 0.615104 0.413889 0.021875 0.055556
0 0.617188 0.529861 0.040625 0.173611
0 0.672396 0.490278 0.048958 0.113889
0 0.736458 0.464583 0.031250 0.043056
0 0.521354 0.627778 0.094792 0.205556
0 0.629687 0.645833 0.055208 0.358333
0 0.664583 0.716667 0.093750 0.413889
0 0.778646 0.802083 0.259375 0.356944
0 0.834375 0.694444 0.147917 0.413889
