0 0.307812 0.472917 0.092708 0.279167
0 0.463021 0.465972 0.059375 0.243056
0 0.510938 0.611111 0.069792 0.161111
0 0.468750 0.446528 0.062500 0.162500
0 0.571875 0.473611 0.056250 0.255556
0 0.490104 0.382639 0.026042 0.062500
0 0.433854 0.409722 0.019792 0.077778
0 0.610938 0.454167 0.069792 0.238889
0 0.660417 0.422222 0.043750 0.125000
0 0.699479 0.418750 0.055208 0.151389
0 0.777604 0.407639 0.040625 0.120833
0 0.732812 0.377778 0.030208 0.058333
0 0.846354 0.371528 0.034375 0.087500
0 0.910417 0.433333 0.043750 0.191667
0 0.961458 0.394444 0.027083 0.108333
0 0.978646 0.393750 0.021875 0.129167
