0 0.185938 0.702083 0.138542 0.348611
0 0.222396 0.684028 0.073958 0.323611
0 0.106771 0.579167 0.073958 0.130556
0 0.139583 0.571528 0.045833 0.090278
0 0.253125 0.663194 0.060417 0.270833
0 0.294792 0.652083 0.070833 0.265278
0 0.374479 0.641667 0.128125 0.341667
0 0.334896 0.541667 0.036458 0.047222
0 0.470313 0.644444 0.063542 0.238889
0 0.514062 0.638194 0.048958 0.220833
0 0.502083 0.538194 0.029167 0.065278
0 0.594271 0.660417 0.109375 0.323611
0 0.622396 0.624306 0.040625 0.240278
0 0.568229 0.619444 0.048958 0.225000
0 0.678646 0.624306 0.057292 0.226389
0 0.702604 0.628472 0.038542 0.201389
0 0.744271 0.628472 0.053125 0.204167
0 0.852604 0.748611 0.238542 0.502778
0 0.890625 0.743056 0.127083 0.513889
0 0.957812 0.745139 0.084375 0.465278
