0 0.085417 0.505556 0.043750 0.100000
0 0.021875 0.504167 0.041667 0.058333
0 0.067708 0.478472 0.018750 0.051389
0 0.103646 0.475694 0.028125 0.065278
0 0.133333 0.501389 0.045833 0.058333
0 0.148958 0.479861 0.029167 0.062500
0 0.180729 0.490278 0.036458 0.072222
0 0.197917 0.484722 0.016667 0.052778
0 0.216146 0.482639 0.030208 0.059722
0 0.256771 0.483333 0.030208 0.058333
0 0.278646 0.478472 0.026042 0.070833
0 0.303646 0.513194 0.057292 0.156944
0 0.340104 0.491667 0.032292 0.069444
0 0.364063 0.482639 0.034375 0.076389
0 0.398958 0.497222 0.035417 0.075000
0 0.433333 0.499306 0.037500 0.093056
0 0.506250 0.532639 0.110417 0.184722
0 0.522396 0.497222 0.038542 0.066667
0 0.594271 0.536111 0.071875 0.233333
0 0.691146 0.556250 0.063542 0.209722
0 0.677604 0.552778 0.048958 0.191667
0 0.756250 0.561111 0.056250 0.197222
