0 0.321354 0.504167 0.015625 0.052778
0 0.333333 0.512500 0.016667 0.069444
0 0.345833 0.506944 0.012500 0.055556
0 0.400521 0.506944 0.017708 0.055556
0 0.422917 0.508333 0.020833 0.058333
0 0.444792 0.503472 0.014583 0.059722
0 0.453646 0.508333 0.017708 0.055556
0 0.466146 0.517361 0.026042 0.056944
0 0.475521 0.493750 0.015625 0.031944
0 0.498437 0.521528 0.028125 0.070833
0 0.503125 0.494444 0.016667 0.030556
0 0.528125 0.493056 0.014583 0.030556
0 0.537500 0.491667 0.016667 0.027778
0 0.604688 0.537500 0.065625 0.169444
0 0.712500 0.562500 0.085417 0.247222
0 0.797917 0.586111 0.122917 0.277778
