0 0.015104 0.626389 0.028125 0.066667
0 0.026562 0.616667 0.028125 0.050000
0 0.074479 0.622222 0.023958 0.058333
0 0.101042 0.623611 0.029167 0.061111
0 0.126562 0.618750 0.023958 0.059722
0 0.215625 0.640972 0.043750 0.101389
0 0.331250 0.715972 0.085417 0.204167
0 0.301042 0.663889 0.050000 0.138889
0 0.342708 0.620139 0.029167 0.059722
0 0.366146 0.691667 0.067708 0.222222
0 0.413021 0.704167 0.098958 0.216667
0 0.475000 0.696528 0.064583 0.218056
0 0.537500 0.715278 0.079167 0.225000
0 0.530729 0.625000 0.026042 0.058333
0 0.497396 0.629167 0.021875 0.066667
