0 0.969792 0.722917 0.060417 0.454167
0 0.866146 0.600000 0.169792 0.519444
0 0.279687 0.446528 0.076042 0.168056
0 0.364063 0.454861 0.071875 0.173611
0 0.585938 0.406944 0.069792 0.088889
0 0.331771 0.397222 0.019792 0.044444
0 0.343750 0.390972 0.016667 0.026389
0 0.402083 0.401389 0.012500 0.050000
0 0.415104 0.406250 0.019792 0.051389
0 0.436979 0.409028 0.013542 0.054167
0 0.448437 0.409722 0.015625 0.052778
0 0.464583 0.406944 0.014583 0.061111
0 0.473438 0.406250 0.013542 0.054167
0 0.486979 0.410417 0.015625 0.054167
0 0.501563 0.406944 0.017708 0.052778
0 0.519271 0.407639 0.019792 0.062500
0 0.539062 0.406250 0.021875 0.054167
