0 0.942708 0.652778 0.114583 0.502778
0 0.880729 0.574306 0.165625 0.487500
0 0.741146 0.525694 0.176042 0.340278
0 0.332813 0.469444 0.113542 0.244444
0 0.532813 0.410417 0.059375 0.129167
0 0.362500 0.402778 0.018750 0.066667
0 0.371354 0.397222 0.013542 0.050000
0 0.381250 0.404167 0.016667 0.055556
0 0.432812 0.400694 0.023958 0.059722
0 0.449479 0.396528 0.015625 0.051389
0 0.467187 0.402083 0.019792 0.059722
0 0.483854 0.398611 0.015625 0.069444
0 0.492188 0.400000 0.015625 0.066667
0 0.505729 0.402083 0.015625 0.054167
0 0.561979 0.397917 0.023958 0.054167
