0 0.191146 0.468750 0.078125 0.206944
0 0.243750 0.490278 0.072917 0.241667
0 0.291667 0.455556 0.050000 0.155556
0 0.381771 0.458333 0.082292 0.208333
0 0.694271 0.577083 0.211458 0.431944
0 0.794792 0.548611 0.118750 0.363889
0 0.853125 0.433333 0.014583 0.080556
0 0.874479 0.437500 0.034375 0.080556
0 0.923958 0.427778 0.016667 0.075000
0 0.938542 0.433333 0.022917 0.072222
0 0.948958 0.429167 0.018750 0.055556
0 0.408854 0.423611 0.032292 0.075000
0 0.227604 0.399306 0.032292 0.062500
0 0.619271 0.411806 0.028125 0.026389
