0 0.058333 0.651389 0.114583 0.388889
0 0.194271 0.604861 0.103125 0.337500
0 0.348438 0.618056 0.146875 0.327778
0 0.242188 0.548611 0.111458 0.213889
0 0.266667 0.491667 0.018750 0.041667
0 0.253125 0.487500 0.010417 0.025000
0 0.474479 0.534028 0.088542 0.143056
0 0.540104 0.547917 0.059375 0.151389
0 0.616146 0.486806 0.017708 0.037500
0 0.637500 0.488889 0.020833 0.041667
0 0.659896 0.487500 0.021875 0.044444
0 0.684375 0.484028 0.018750 0.048611
0 0.698958 0.486111 0.018750 0.041667
0 0.721354 0.486806 0.019792 0.059722
0 0.840104 0.558333 0.071875 0.141667
0 0.925000 0.618750 0.068750 0.287500
