0 0.257812 0.670833 0.130208 0.316667
0 0.402604 0.779167 0.134375 0.441667
0 0.452083 0.764583 0.072917 0.437500
0 0.521875 0.795139 0.089583 0.393056
0 0.015625 0.645833 0.029167 0.244444
0 0.037500 0.665972 0.037500 0.245833
0 0.066667 0.665278 0.035417 0.233333
0 0.156250 0.625694 0.033333 0.106944
0 0.168750 0.612500 0.027083 0.102778
0 0.184896 0.590972 0.023958 0.054167
0 0.584896 0.647222 0.044792 0.169444
0 0.498437 0.617361 0.021875 0.095833
0 0.637500 0.632639 0.039583 0.140278
0 0.665104 0.641667 0.032292 0.155556
0 0.693229 0.655556 0.026042 0.144444
0 0.688542 0.594444 0.014583 0.069444
0 0.722917 0.655556 0.022917 0.161111
0 0.933333 0.691667 0.062500 0.269444
0 0.980208 0.667361 0.039583 0.173611
