0 0.716146 0.667361 0.142708 0.193056
0 0.970833 0.600694 0.058333 0.281944
0 0.783333 0.490972 0.033333 0.095833
0 0.734896 0.493056 0.051042 0.100000
0 0.756250 0.477778 0.031250 0.066667
0 0.603125 0.463194 0.018750 0.045833
0 0.583333 0.466667 0.025000 0.050000
0 0.542708 0.461806 0.027083 0.045833
0 0.094792 0.498611 0.060417 0.141667
0 0.274479 0.459028 0.036458 0.081944
0 0.325000 0.456944 0.025000 0.044444
0 0.300521 0.456944 0.023958 0.041667
0 0.343229 0.456944 0.021875 0.036111
0 0.476042 0.464583 0.047917 0.048611
