0 0.078646 0.626389 0.063542 0.072222
0 0.187500 0.606944 0.045833 0.072222
0 0.240625 0.563889 0.029167 0.102778
0 0.268750 0.587500 0.033333 0.158333
0 0.301563 0.604167 0.063542 0.222222
0 0.392188 0.602778 0.057292 0.222222
0 0.345833 0.609028 0.043750 0.090278
0 0.357812 0.611111 0.042708 0.097222
0 0.441667 0.588194 0.035417 0.162500
0 0.365625 0.550694 0.016667 0.062500
0 0.457292 0.593056 0.066667 0.188889
0 0.506250 0.591667 0.070833 0.211111
0 0.543229 0.580556 0.032292 0.155556
0 0.560937 0.576389 0.023958 0.138889
0 0.573438 0.568750 0.015625 0.109722
0 0.613542 0.572222 0.037500 0.116667
0 0.643229 0.571528 0.044792 0.123611
0 0.678646 0.579167 0.034375 0.133333
0 0.709375 0.584028 0.047917 0.134722
0 0.753646 0.569444 0.026042 0.088889
0 0.853646 0.570139 0.042708 0.095833
0 0.883333 0.555556 0.041667 0.097222
0 0.907813 0.555556 0.030208 0.075000
0 0.795833 0.629167 0.077083 0.138889
0 0.730208 0.737500 0.131250 0.163889
0 0.930729 0.659028 0.138542 0.187500
0 0.966146 0.787500 0.067708 0.183333
