0 0.310937 0.468056 0.098958 0.277778
0 0.463021 0.468056 0.069792 0.244444
0 0.469271 0.449306 0.057292 0.168056
0 0.508854 0.600000 0.086458 0.169444
0 0.570833 0.472222 0.054167 0.255556
0 0.611979 0.456944 0.069792 0.247222
0 0.982812 0.397917 0.021875 0.137500
0 0.961458 0.393056 0.033333 0.108333
0 0.911979 0.434722 0.042708 0.191667
0 0.846875 0.371528 0.031250 0.095833
0 0.781250 0.410417 0.039583 0.131944
0 0.700000 0.413194 0.058333 0.145833
0 0.659896 0.423611 0.046875 0.133333
0 0.731250 0.384028 0.033333 0.065278
0 0.485417 0.400694 0.027083 0.087500
