0 0.743229 0.843056 0.338542 0.313889
0 0.316667 0.777778 0.206250 0.444444
0 0.431250 0.797917 0.185417 0.404167
0 0.100521 0.797917 0.198958 0.404167
0 0.196354 0.772222 0.107292 0.377778
0 0.030208 0.665972 0.058333 0.126389
0 0.143229 0.626389 0.044792 0.094444
0 0.162500 0.606944 0.020833 0.086111
0 0.180208 0.606944 0.027083 0.080556
0 0.643750 0.618750 0.031250 0.073611
0 0.710417 0.617361 0.018750 0.054167
0 0.698438 0.605556 0.017708 0.036111
0 0.778646 0.624306 0.023958 0.079167
0 0.797396 0.629167 0.021875 0.075000
