0 0.363542 0.616667 0.152083 0.255556
0 0.320833 0.514583 0.018750 0.051389
0 0.335417 0.515278 0.016667 0.061111
0 0.347396 0.515972 0.015625 0.059722
0 0.409375 0.524306 0.035417 0.090278
0 0.413021 0.524306 0.028125 0.059722
0 0.448958 0.530556 0.029167 0.075000
0 0.443750 0.501389 0.014583 0.041667
0 0.461979 0.521528 0.019792 0.073611
0 0.477604 0.514583 0.019792 0.056944
0 0.496354 0.525694 0.023958 0.079167
0 0.570312 0.509722 0.038542 0.113889
0 0.604167 0.518750 0.047917 0.148611
0 0.663021 0.530556 0.061458 0.158333
0 0.532813 0.515278 0.019792 0.058333
