0 0.013021 0.634028 0.023958 0.076389
0 0.025521 0.623611 0.021875 0.058333
0 0.074479 0.627083 0.015625 0.059722
0 0.101042 0.625694 0.025000 0.059722
0 0.125521 0.619444 0.021875 0.055556
0 0.211979 0.642361 0.042708 0.101389
0 0.204687 0.638889 0.019792 0.069444
0 0.332292 0.714583 0.085417 0.206944
0 0.305208 0.691667 0.056250 0.197222
0 0.343750 0.613889 0.035417 0.058333
0 0.366146 0.694444 0.061458 0.213889
0 0.414062 0.704167 0.101042 0.225000
0 0.473438 0.698611 0.063542 0.213889
0 0.496354 0.639583 0.021875 0.081944
0 0.531771 0.622222 0.021875 0.055556
0 0.535937 0.718056 0.073958 0.216667
