0 0.355208 0.611806 0.137500 0.245833
0 0.319792 0.508333 0.016667 0.052778
0 0.334896 0.515278 0.015625 0.052778
0 0.346875 0.513194 0.012500 0.056944
0 0.405729 0.506944 0.023958 0.052778
0 0.443750 0.507639 0.018750 0.051389
0 0.446875 0.531250 0.022917 0.068056
0 0.461458 0.525000 0.020833 0.061111
0 0.475521 0.513194 0.021875 0.056944
0 0.496354 0.523611 0.028125 0.083333
0 0.529687 0.514583 0.017708 0.056944
0 0.569792 0.508333 0.037500 0.113889
0 0.604688 0.519444 0.048958 0.150000
0 0.661458 0.527778 0.058333 0.152778
