0 0.269271 0.502778 0.144792 0.391667
0 0.388542 0.570833 0.141667 0.522222
0 0.022396 0.363194 0.042708 0.120833
0 0.053125 0.392361 0.047917 0.140278
0 0.090625 0.361111 0.033333 0.088889
0 0.466146 0.403472 0.101042 0.195833
0 0.714583 0.607639 0.220833 0.637500
0 0.948438 0.362500 0.017708 0.055556
0 0.932813 0.362500 0.021875 0.050000
0 0.918229 0.361806 0.019792 0.043056
0 0.844271 0.361111 0.026042 0.050000
0 0.863021 0.364583 0.019792 0.034722
0 0.877083 0.361806 0.018750 0.040278
0 0.817187 0.360417 0.021875 0.037500
0 0.601562 0.363889 0.019792 0.038889
0 0.568229 0.356944 0.021875 0.038889
