0 0.048958 0.499306 0.022917 0.070833
0 0.132292 0.540972 0.050000 0.162500
0 0.167708 0.506944 0.022917 0.080556
0 0.207813 0.533333 0.051042 0.144444
0 0.238021 0.495833 0.021875 0.058333
0 0.377604 0.502083 0.023958 0.059722
0 0.413021 0.494444 0.021875 0.052778
0 0.426563 0.497222 0.015625 0.047222
0 0.453646 0.494444 0.013542 0.041667
0 0.465625 0.497222 0.018750 0.044444
0 0.496875 0.501389 0.016667 0.047222
0 0.519792 0.496528 0.012500 0.043056
0 0.531771 0.496528 0.011458 0.026389
0 0.542708 0.499306 0.010417 0.031944
0 0.558333 0.501389 0.014583 0.047222
0 0.585417 0.500000 0.014583 0.033333
0 0.597396 0.500000 0.009375 0.030556
0 0.603646 0.499306 0.013542 0.029167
0 0.630208 0.514583 0.027083 0.076389
0 0.649479 0.499306 0.013542 0.026389
0 0.740104 0.561111 0.088542 0.250000
0 0.860938 0.657639 0.161458 0.531944
0 0.920312 0.506944 0.021875 0.077778
0 0.938542 0.524306 0.025000 0.098611
