0 0.018229 0.605556 0.034375 0.208333
0 0.040625 0.607639 0.064583 0.184722
0 0.112500 0.545833 0.027083 0.066667
0 0.227604 0.572917 0.046875 0.115278
0 0.282813 0.600000 0.069792 0.177778
0 0.410938 0.600000 0.069792 0.183333
0 0.451562 0.549306 0.048958 0.090278
0 0.493750 0.545139 0.041667 0.101389
0 0.533854 0.590972 0.044792 0.151389
0 0.632292 0.554861 0.104167 0.093056
0 0.705729 0.572917 0.059375 0.151389
0 0.758854 0.570139 0.053125 0.145833
0 0.795312 0.572222 0.063542 0.150000
0 0.949479 0.634028 0.101042 0.259722
