0 0.723437 0.646528 0.171875 0.343056
0 0.814583 0.547222 0.052083 0.175000
0 0.711979 0.531944 0.051042 0.141667
0 0.682813 0.545833 0.040625 0.141667
0 0.645833 0.538194 0.054167 0.134722
0 0.598437 0.533333 0.055208 0.136111
0 0.571875 0.536806 0.066667 0.143056
0 0.530208 0.549306 0.058333 0.129167
0 0.455729 0.539583 0.057292 0.134722
0 0.182292 0.504167 0.022917 0.050000
0 0.223438 0.515972 0.030208 0.073611
0 0.240625 0.513889 0.020833 0.063889
0 0.252604 0.515972 0.023958 0.062500
0 0.291667 0.540972 0.068750 0.168056
0 0.365625 0.536111 0.060417 0.161111
