0 0.396354 0.708333 0.186458 0.458333
0 0.044792 0.524306 0.087500 0.276389
0 0.807813 0.695139 0.336458 0.609722
0 0.945312 0.752083 0.109375 0.495833
0 0.876563 0.674306 0.138542 0.506944
0 0.505729 0.461806 0.021875 0.031944
0 0.486458 0.463194 0.018750 0.034722
0 0.468229 0.469444 0.017708 0.041667
0 0.458333 0.473611 0.022917 0.055556
0 0.444271 0.463889 0.021875 0.041667
0 0.403646 0.467361 0.019792 0.043056
0 0.387500 0.472222 0.014583 0.055556
0 0.347396 0.474306 0.015625 0.045833
0 0.335417 0.470833 0.010417 0.052778
0 0.323958 0.471528 0.014583 0.056944
