0 0.051042 0.489583 0.039583 0.073611
0 0.070833 0.472917 0.033333 0.104167
0 0.164062 0.637500 0.105208 0.441667
0 0.233854 0.679167 0.148958 0.472222
0 0.298958 0.691667 0.170833 0.533333
0 0.639062 0.600000 0.128125 0.344444
0 0.352604 0.479167 0.055208 0.125000
0 0.420833 0.506250 0.095833 0.187500
0 0.933854 0.452083 0.030208 0.056944
0 0.858854 0.457639 0.032292 0.056944
0 0.810417 0.456944 0.027083 0.052778
0 0.826042 0.456944 0.022917 0.047222
0 0.775000 0.470833 0.027083 0.069444
0 0.754167 0.471528 0.020833 0.068056
0 0.706771 0.469444 0.028125 0.086111
0 0.680729 0.447917 0.015625 0.037500
0 0.551042 0.461806 0.039583 0.073611
