0 0.040104 0.401389 0.078125 0.222222
0 0.613542 0.524306 0.160417 0.737500
0 0.762500 0.393056 0.102083 0.505556
0 0.529687 0.342361 0.017708 0.093056
0 0.512500 0.343750 0.025000 0.098611
0 0.503125 0.326389 0.020833 0.083333
0 0.481771 0.369444 0.046875 0.175000
0 0.463542 0.359722 0.033333 0.127778
0 0.443229 0.360417 0.038542 0.123611
0 0.447396 0.312500 0.013542 0.061111
0 0.422917 0.376389 0.043750 0.177778
0 0.363021 0.333333 0.034375 0.097222
0 0.302083 0.343750 0.039583 0.104167
0 0.243750 0.359028 0.056250 0.156944
0 0.248958 0.350694 0.041667 0.112500
0 0.199479 0.402083 0.088542 0.268056
0 0.112500 0.340278 0.035417 0.108333
