0 0.201042 0.702778 0.112500 0.358333
0 0.275521 0.629861 0.257292 0.573611
0 0.197396 0.437500 0.028125 0.072222
0 0.233854 0.427083 0.015625 0.051389
0 0.416667 0.490972 0.064583 0.187500
0 0.459896 0.504167 0.098958 0.252778
0 0.551562 0.551389 0.140625 0.322222
0 0.656250 0.591667 0.168750 0.522222
0 0.612500 0.491667 0.056250 0.180556
0 0.720313 0.428472 0.026042 0.068056
0 0.743750 0.440972 0.027083 0.068056
0 0.763542 0.434028 0.020833 0.059722
0 0.779687 0.438194 0.040625 0.065278
0 0.799479 0.490972 0.073958 0.193056
0 0.840104 0.452778 0.036458 0.100000
0 0.981250 0.428472 0.037500 0.059722
