0 0.091667 0.525000 0.077083 0.183333
0 0.123958 0.513194 0.029167 0.120833
0 0.181250 0.525694 0.085417 0.223611
0 0.273438 0.584028 0.136458 0.320833
0 0.308333 0.507639 0.056250 0.173611
0 0.358854 0.499306 0.038542 0.134722
0 0.415104 0.511111 0.073958 0.152778
0 0.428646 0.493056 0.053125 0.161111
0 0.502083 0.492361 0.047917 0.134722
0 0.490625 0.463194 0.025000 0.106944
0 0.578646 0.470833 0.032292 0.094444
0 0.561979 0.466667 0.026042 0.100000
0 0.617188 0.471528 0.034375 0.095833
0 0.634375 0.465278 0.025000 0.094444
0 0.667188 0.464583 0.026042 0.087500
0 0.693750 0.450694 0.029167 0.095833
0 0.839583 0.463889 0.022917 0.088889
0 0.881771 0.468056 0.032292 0.094444
0 0.915625 0.468056 0.039583 0.094444
0 0.991146 0.470833 0.017708 0.100000
