0 0.132812 0.626389 0.263542 0.747222
0 0.721354 0.712500 0.232292 0.455556
0 0.156771 0.506944 0.063542 0.091667
0 0.174479 0.456250 0.082292 0.145833
0 0.265625 0.452778 0.050000 0.119444
0 0.298438 0.432639 0.078125 0.123611
0 0.330208 0.427083 0.050000 0.109722
0 0.380729 0.415278 0.076042 0.147222
0 0.470833 0.436806 0.062500 0.106944
0 0.516146 0.435417 0.057292 0.126389
0 0.592187 0.532639 0.123958 0.398611
0 0.740104 0.437500 0.117708 0.180556
0 0.850000 0.428472 0.068750 0.140278
0 0.931771 0.429167 0.076042 0.130556
