0 0.309375 0.687500 0.143750 0.533333
0 0.168750 0.636111 0.093750 0.430556
0 0.228646 0.672222 0.096875 0.469444
0 0.073958 0.469444 0.033333 0.083333
0 0.288021 0.461806 0.040625 0.129167
0 0.350521 0.476389 0.061458 0.119444
0 0.420312 0.504167 0.092708 0.183333
0 0.636458 0.601389 0.125000 0.358333
0 0.548958 0.453472 0.037500 0.054167
0 0.703125 0.470139 0.027083 0.081944
0 0.753125 0.470833 0.025000 0.069444
0 0.777083 0.472222 0.022917 0.075000
0 0.811979 0.454167 0.026042 0.052778
0 0.827604 0.454861 0.017708 0.040278
0 0.857292 0.455556 0.025000 0.050000
