0 0.035417 0.552778 0.047917 0.163889
0 0.097396 0.571528 0.092708 0.226389
0 0.182292 0.568750 0.060417 0.234722
0 0.244271 0.559722 0.065625 0.227778
0 0.291667 0.551389 0.041667 0.175000
0 0.211458 0.562500 0.035417 0.194444
0 0.317188 0.542361 0.030208 0.154167
0 0.340625 0.545833 0.033333 0.152778
0 0.359896 0.543056 0.028125 0.138889
0 0.412500 0.538194 0.033333 0.120833
0 0.444271 0.536806 0.042708 0.123611
0 0.475000 0.545833 0.035417 0.136111
0 0.511458 0.550694 0.045833 0.126389
0 0.551042 0.534028 0.020833 0.084722
0 0.569792 0.520833 0.020833 0.072222
0 0.540104 0.686111 0.065625 0.144444
0 0.590104 0.595139 0.078125 0.137500
0 0.752083 0.734722 0.133333 0.166667
0 0.735417 0.611111 0.125000 0.163889
0 0.819271 0.589583 0.063542 0.179167
0 0.765625 0.519444 0.031250 0.055556
0 0.789062 0.545833 0.028125 0.133333
0 0.859896 0.547222 0.040625 0.122222
0 0.884375 0.570139 0.052083 0.156944
0 0.937500 0.578472 0.047917 0.148611
