0 0.888542 0.770833 0.222917 0.458333
0 0.973958 0.683333 0.052083 0.111111
0 0.539062 0.805556 0.186458 0.388889
0 0.297396 0.781944 0.413542 0.436111
0 0.056250 0.795139 0.110417 0.387500
0 0.029167 0.766667 0.056250 0.388889
0 0.058854 0.586111 0.030208 0.055556
0 0.143750 0.702083 0.091667 0.240278
0 0.252083 0.677083 0.100000 0.223611
0 0.203125 0.620833 0.025000 0.113889
0 0.232292 0.594444 0.025000 0.041667
0 0.429688 0.647917 0.038542 0.156944
0 0.467708 0.652778 0.047917 0.141667
0 0.505729 0.616667 0.040625 0.063889
0 0.796875 0.618056 0.022917 0.086111
0 0.817187 0.626389 0.028125 0.083333
