0 0.184375 0.879861 0.118750 0.240278
0 0.275521 0.882639 0.111458 0.231944
0 0.041667 0.899306 0.081250 0.201389
0 0.889062 0.687500 0.042708 0.102778
0 0.908333 0.699306 0.025000 0.087500
0 0.795833 0.710417 0.045833 0.093056
0 0.851562 0.698611 0.032292 0.080556
0 0.652604 0.701389 0.028125 0.094444
0 0.674479 0.701389 0.028125 0.097222
0 0.698438 0.704167 0.026042 0.088889
0 0.716667 0.681944 0.012500 0.041667
0 0.601562 0.643750 0.030208 0.079167
0 0.617188 0.645139 0.013542 0.059722
0 0.635417 0.643056 0.014583 0.066667
0 0.672917 0.633333 0.016667 0.044444
0 0.317188 0.705556 0.038542 0.077778
0 0.352604 0.698611 0.026042 0.047222
0 0.403646 0.692361 0.021875 0.037500
0 0.563542 0.684722 0.020833 0.019444
