0 0.184896 0.652083 0.078125 0.118056
0 0.266146 0.654861 0.092708 0.118056
0 0.205729 0.571528 0.053125 0.087500
0 0.247396 0.611111 0.090625 0.083333
0 0.318750 0.553472 0.029167 0.095833
0 0.341667 0.622222 0.045833 0.088889
0 0.388542 0.583333 0.087500 0.252778
0 0.482812 0.613889 0.057292 0.100000
0 0.483854 0.557639 0.030208 0.115278
0 0.527083 0.554861 0.045833 0.112500
0 0.558333 0.605556 0.056250 0.077778
0 0.754167 0.654861 0.045833 0.073611
0 0.758854 0.659722 0.078125 0.047222
0 0.806250 0.652083 0.041667 0.062500
0 0.867708 0.656250 0.097917 0.115278
0 0.934375 0.585417 0.070833 0.218056
0 0.971875 0.548611 0.020833 0.058333
0 0.987500 0.552778 0.022917 0.072222
0 0.834896 0.552778 0.036458 0.086111
0 0.707812 0.557639 0.026042 0.079167
0 0.675000 0.565278 0.020833 0.058333
0 0.603646 0.540278 0.017708 0.063889
0 0.618229 0.527083 0.019792 0.048611
