0 0.301563 0.456944 0.019792 0.055556
0 0.316146 0.465278 0.017708 0.069444
0 0.329688 0.462500 0.011458 0.061111
0 0.383854 0.464583 0.015625 0.059722
0 0.396875 0.465278 0.014583 0.061111
0 0.410417 0.464583 0.016667 0.056944
0 0.426042 0.459028 0.018750 0.062500
0 0.440104 0.463194 0.017708 0.059722
0 0.466146 0.477083 0.028125 0.073611
0 0.461458 0.446528 0.010417 0.023611
0 0.482812 0.465972 0.017708 0.068056
0 0.510417 0.500694 0.062500 0.143056
0 0.576042 0.488194 0.066667 0.168056
0 0.597917 0.486806 0.054167 0.154167
0 0.646354 0.491667 0.053125 0.133333
0 0.682813 0.454167 0.019792 0.058333
