0 0.471875 0.706944 0.279167 0.580556
0 0.865625 0.484722 0.043750 0.116667
0 0.820312 0.485417 0.051042 0.109722
0 0.812500 0.445139 0.045833 0.056944
0 0.783333 0.448611 0.029167 0.052778
0 0.605208 0.456250 0.031250 0.043056
0 0.540104 0.458333 0.019792 0.033333
0 0.521875 0.454861 0.014583 0.045833
0 0.097917 0.465278 0.029167 0.066667
0 0.129167 0.463889 0.020833 0.061111
0 0.188542 0.462500 0.022917 0.075000
0 0.207813 0.465278 0.023958 0.066667
0 0.229167 0.465972 0.025000 0.065278
0 0.273438 0.464583 0.026042 0.065278
0 0.325521 0.463194 0.021875 0.059722
0 0.350521 0.465278 0.019792 0.058333
0 0.362500 0.461806 0.016667 0.059722
0 0.417187 0.468750 0.021875 0.059722
