0 0.140625 0.596528 0.110417 0.176389
0 0.208333 0.588194 0.089583 0.151389
0 0.304688 0.527083 0.044792 0.123611
0 0.371354 0.530556 0.046875 0.122222
0 0.446875 0.520833 0.039583 0.119444
0 0.466146 0.503472 0.026042 0.081944
0 0.538542 0.556250 0.083333 0.195833
0 0.561458 0.499306 0.033333 0.101389
0 0.517708 0.490278 0.018750 0.061111
0 0.607812 0.538194 0.055208 0.170833
0 0.598958 0.489583 0.025000 0.081944
0 0.654687 0.490278 0.013542 0.052778
0 0.680729 0.493056 0.023958 0.080556
0 0.700521 0.484722 0.019792 0.055556
0 0.718229 0.491667 0.028125 0.075000
0 0.731250 0.480556 0.018750 0.050000
0 0.765104 0.484028 0.021875 0.054167
0 0.784896 0.485417 0.028125 0.062500
0 0.797396 0.476389 0.015625 0.044444
0 0.898438 0.474306 0.038542 0.090278
0 0.933854 0.465972 0.040625 0.098611
