0 0.863021 0.597222 0.178125 0.525000
0 0.950000 0.356944 0.054167 0.077778
0 0.585938 0.404861 0.073958 0.087500
0 0.279167 0.450000 0.079167 0.172222
0 0.361458 0.457639 0.077083 0.179167
0 0.342708 0.390278 0.016667 0.025000
0 0.331771 0.391667 0.017708 0.027778
0 0.402604 0.406944 0.009375 0.055556
0 0.413542 0.410417 0.020833 0.059722
0 0.423438 0.406944 0.013542 0.058333
0 0.436979 0.411111 0.015625 0.061111
0 0.446875 0.409722 0.016667 0.055556
0 0.464062 0.403472 0.017708 0.056944
0 0.474479 0.406944 0.013542 0.055556
0 0.486458 0.411806 0.018750 0.059722
0 0.500521 0.409028 0.015625 0.059722
0 0.519792 0.410417 0.018750 0.062500
0 0.540104 0.409722 0.021875 0.058333
