0 0.089583 0.501389 0.066667 0.150000
0 0.215625 0.475000 0.135417 0.177778
0 0.293750 0.494444 0.156250 0.241667
0 0.310417 0.436111 0.066667 0.119444
0 0.472396 0.570139 0.132292 0.337500
0 0.609375 0.590278 0.108333 0.347222
0 0.666146 0.486806 0.119792 0.187500
0 0.777083 0.492361 0.131250 0.173611
0 0.584896 0.369444 0.028125 0.083333
0 0.650000 0.393056 0.043750 0.041667
0 0.965104 0.395833 0.026042 0.036111
0 0.901563 0.396528 0.023958 0.037500
0 0.913542 0.392361 0.018750 0.037500
0 0.887500 0.395833 0.018750 0.044444
