0 0.681250 0.630556 0.145833 0.483333
0 0.848958 0.562500 0.058333 0.250000
0 0.807813 0.495139 0.013542 0.031944
0 0.783333 0.505556 0.022917 0.083333
0 0.734896 0.494444 0.013542 0.033333
0 0.755208 0.495833 0.016667 0.030556
0 0.640625 0.493750 0.008333 0.034722
0 0.633333 0.492361 0.010417 0.037500
0 0.630729 0.486806 0.011458 0.048611
0 0.619271 0.487500 0.013542 0.050000
0 0.580729 0.490278 0.019792 0.044444
0 0.592708 0.490278 0.012500 0.041667
0 0.471875 0.494444 0.014583 0.055556
0 0.377604 0.490278 0.013542 0.050000
0 0.329688 0.524306 0.044792 0.129167
0 0.316667 0.498611 0.014583 0.063889
0 0.242708 0.495833 0.025000 0.052778
0 0.210938 0.527778 0.051042 0.175000
0 0.065625 0.507639 0.031250 0.093056
