0 0.090625 0.487500 0.164583 0.552778
0 0.353125 0.357639 0.102083 0.212500
0 0.497396 0.328472 0.057292 0.159722
0 0.536979 0.323611 0.057292 0.130556
0 0.557292 0.320833 0.035417 0.133333
0 0.591146 0.321528 0.044792 0.126389
0 0.635938 0.325694 0.040625 0.123611
0 0.701562 0.434722 0.136458 0.375000
0 0.797396 0.296528 0.034375 0.068056
0 0.824479 0.285417 0.030208 0.062500
0 0.836979 0.395139 0.092708 0.204167
0 0.858854 0.427778 0.153125 0.255556
0 0.930208 0.318750 0.064583 0.095833
0 0.902083 0.291667 0.041667 0.058333
