0 0.222396 0.518056 0.019792 0.069444
0 0.233854 0.511111 0.021875 0.052778
0 0.342187 0.538889 0.059375 0.147222
0 0.312500 0.502778 0.018750 0.038889
0 0.418750 0.537500 0.050000 0.141667
0 0.486979 0.552778 0.057292 0.141667
0 0.486979 0.487500 0.019792 0.033333
0 0.507292 0.543056 0.025000 0.138889
0 0.536458 0.551389 0.060417 0.158333
0 0.564063 0.540972 0.042708 0.148611
0 0.604167 0.548611 0.050000 0.155556
0 0.644792 0.552778 0.054167 0.152778
0 0.687500 0.544444 0.043750 0.138889
0 0.723437 0.548611 0.051042 0.144444
0 0.789062 0.543056 0.048958 0.147222
