0 0.059375 0.382639 0.102083 0.273611
0 0.138021 0.397917 0.084375 0.279167
0 0.178125 0.582639 0.156250 0.262500
0 0.208333 0.365278 0.085417 0.280556
0 0.129167 0.275694 0.045833 0.079167
0 0.182812 0.250694 0.040625 0.070833
0 0.198437 0.238889 0.019792 0.038889
0 0.242188 0.234028 0.026042 0.037500
0 0.280729 0.274306 0.019792 0.048611
0 0.316667 0.281944 0.020833 0.050000
0 0.342187 0.365972 0.044792 0.098611
0 0.417708 0.452778 0.089583 0.158333
0 0.507812 0.609722 0.109375 0.241667
0 0.613021 0.570139 0.126042 0.262500
0 0.498958 0.458333 0.081250 0.125000
0 0.477604 0.403472 0.055208 0.134722
0 0.529167 0.334028 0.077083 0.184722
0 0.394792 0.335417 0.035417 0.095833
0 0.337500 0.243750 0.020833 0.054167
0 0.310937 0.236806 0.011458 0.048611
0 0.318750 0.240278 0.010417 0.041667
0 0.255729 0.247222 0.017708 0.061111
0 0.364063 0.252083 0.017708 0.070833
0 0.373437 0.254167 0.011458 0.052778
0 0.388542 0.260417 0.014583 0.079167
0 0.399479 0.256944 0.013542 0.072222
0 0.412500 0.259722 0.020833 0.086111
0 0.431771 0.262500 0.019792 0.069444
0 0.458333 0.261111 0.025000 0.061111
0 0.467708 0.294444 0.012500 0.044444
0 0.490104 0.299306 0.034375 0.126389
0 0.543750 0.297222 0.031250 0.136111
0 0.577604 0.315278 0.030208 0.200000
0 0.599479 0.328472 0.046875 0.173611
0 0.619792 0.316667 0.025000 0.166667
0 0.643229 0.313194 0.040625 0.151389
0 0.687500 0.322917 0.060417 0.179167
0 0.645312 0.427778 0.051042 0.116667
0 0.670312 0.444444 0.069792 0.111111
0 0.628646 0.397222 0.048958 0.091667
0 0.748958 0.331250 0.060417 0.226389
0 0.790104 0.357639 0.059375 0.223611
0 0.766667 0.522917 0.131250 0.156944
0 0.840104 0.551389 0.151042 0.211111
0 0.829688 0.349306 0.061458 0.231944
0 0.876042 0.378472 0.087500 0.276389
0 0.900000 0.364583 0.089583 0.265278
