0 0.315104 0.731250 0.223958 0.537500
0 0.493229 0.722222 0.109375 0.430556
0 0.566667 0.654861 0.064583 0.331944
0 0.620313 0.684028 0.080208 0.334722
0 0.814063 0.801389 0.159375 0.394444
0 0.075000 0.622917 0.043750 0.101389
0 0.043229 0.631944 0.051042 0.102778
0 0.214583 0.670139 0.050000 0.106944
0 0.264062 0.606250 0.042708 0.106944
0 0.403125 0.583333 0.045833 0.119444
0 0.379167 0.567361 0.039583 0.093056
0 0.489583 0.543750 0.027083 0.087500
0 0.167187 0.595139 0.053125 0.168056
0 0.222917 0.595833 0.043750 0.152778
