0 0.109896 0.565972 0.084375 0.165278
0 0.110937 0.564583 0.088542 0.129167
0 0.230729 0.556944 0.055208 0.133333
0 0.152083 0.501389 0.039583 0.047222
0 0.370312 0.572917 0.071875 0.187500
0 0.403125 0.577778 0.041667 0.175000
0 0.427604 0.518056 0.026042 0.080556
0 0.441667 0.509028 0.020833 0.068056
0 0.462500 0.558333 0.043750 0.147222
0 0.472396 0.575694 0.084375 0.187500
0 0.549479 0.554861 0.088542 0.168056
0 0.628125 0.543750 0.037500 0.129167
0 0.515625 0.520139 0.041667 0.079167
0 0.653646 0.522222 0.032292 0.108333
0 0.766146 0.508333 0.026042 0.058333
