0 0.025000 0.586806 0.047917 0.065278
0 0.249479 0.629167 0.069792 0.233333
0 0.339583 0.727083 0.100000 0.134722
0 0.495312 0.711111 0.098958 0.188889
0 0.329688 0.604861 0.057292 0.162500
0 0.397396 0.563194 0.040625 0.151389
0 0.427083 0.505556 0.027083 0.036111
0 0.433854 0.560417 0.067708 0.148611
0 0.485938 0.543750 0.040625 0.087500
0 0.577604 0.550694 0.055208 0.115278
0 0.683333 0.672222 0.154167 0.386111
0 0.673958 0.502778 0.091667 0.097222
0 0.733854 0.534028 0.051042 0.115278
0 0.786458 0.624306 0.114583 0.281944
0 0.917188 0.739583 0.159375 0.520833
0 0.928646 0.584028 0.142708 0.279167
0 0.801042 0.501389 0.079167 0.102778
