0 0.679688 0.453472 0.017708 0.059722
0 0.649479 0.491667 0.046875 0.130556
0 0.601042 0.485417 0.050000 0.143056
0 0.572917 0.487500 0.047917 0.161111
0 0.516667 0.502083 0.058333 0.134722
0 0.466146 0.472917 0.030208 0.065278
0 0.440104 0.458333 0.021875 0.055556
0 0.427604 0.456944 0.017708 0.055556
0 0.410938 0.460417 0.013542 0.054167
0 0.483333 0.465278 0.018750 0.052778
0 0.398438 0.461806 0.015625 0.051389
0 0.384896 0.459722 0.019792 0.052778
0 0.329688 0.459722 0.013542 0.055556
0 0.318229 0.450694 0.017708 0.045833
0 0.302083 0.445139 0.014583 0.031944
