0 0.915104 0.745139 0.161458 0.509722
0 0.929688 0.572917 0.140625 0.265278
0 0.785417 0.625000 0.120833 0.283333
0 0.680729 0.668750 0.157292 0.395833
0 0.675000 0.511806 0.089583 0.120833
0 0.733333 0.616667 0.068750 0.283333
0 0.806250 0.500000 0.087500 0.094444
0 0.488021 0.715278 0.113542 0.186111
0 0.340625 0.724306 0.100000 0.129167
0 0.576042 0.545139 0.081250 0.109722
0 0.434375 0.593750 0.070833 0.218056
0 0.329167 0.600000 0.062500 0.155556
0 0.253125 0.604861 0.070833 0.198611
0 0.395313 0.559722 0.034375 0.144444
0 0.425000 0.506944 0.033333 0.047222
