0 0.386458 0.464583 0.116667 0.384722
0 0.460417 0.476389 0.120833 0.377778
0 0.065625 0.415972 0.035417 0.070833
0 0.141146 0.437500 0.034375 0.152778
0 0.176042 0.403472 0.027083 0.051389
0 0.255729 0.421528 0.032292 0.118056
0 0.274479 0.418056 0.026042 0.122222
0 0.476562 0.375000 0.017708 0.052778
0 0.483333 0.367361 0.016667 0.043056
0 0.520312 0.356944 0.013542 0.025000
0 0.593229 0.343750 0.015625 0.040278
0 0.602604 0.351389 0.011458 0.036111
0 0.611458 0.347917 0.012500 0.037500
0 0.640104 0.349306 0.011458 0.054167
0 0.680208 0.351389 0.016667 0.061111
0 0.697917 0.340972 0.012500 0.045833
