0 0.051042 0.562500 0.100000 0.394444
0 0.148958 0.556944 0.141667 0.400000
0 0.281250 0.602083 0.175000 0.504167
0 0.440104 0.659722 0.284375 0.675000
0 0.580208 0.656250 0.110417 0.545833
0 0.370833 0.447917 0.037500 0.145833
0 0.325521 0.417361 0.044792 0.062500
0 0.525000 0.429167 0.035417 0.086111
0 0.673438 0.424306 0.032292 0.073611
0 0.709896 0.423611 0.021875 0.063889
0 0.984896 0.418750 0.013542 0.051389
0 0.974479 0.422222 0.017708 0.041667
0 0.960417 0.417361 0.027083 0.051389
0 0.926562 0.417361 0.023958 0.045833
