0 0.068229 0.775000 0.113542 0.172222
0 0.141146 0.643056 0.076042 0.172222
0 0.254688 0.793056 0.126042 0.413889
0 0.350000 0.845139 0.145833 0.309722
0 0.480208 0.830556 0.152083 0.338889
0 0.631250 0.854861 0.275000 0.290278
0 0.691667 0.797917 0.135417 0.373611
0 0.825521 0.770833 0.184375 0.458333
0 0.697917 0.634722 0.141667 0.269444
0 0.599479 0.594444 0.071875 0.297222
0 0.483333 0.718750 0.133333 0.312500
0 0.408854 0.800000 0.080208 0.400000
0 0.356250 0.666667 0.089583 0.127778
0 0.363021 0.628472 0.086458 0.165278
0 0.330208 0.615972 0.081250 0.198611
0 0.541667 0.537500 0.062500 0.186111
0 0.385417 0.498611 0.033333 0.050000
0 0.380208 0.518056 0.031250 0.050000
0 0.451042 0.497222 0.025000 0.044444
0 0.459375 0.517361 0.033333 0.073611
0 0.481250 0.499306 0.039583 0.090278
0 0.238021 0.516667 0.019792 0.063889
0 0.193750 0.537500 0.035417 0.058333
0 0.125000 0.527083 0.031250 0.090278
0 0.168229 0.497222 0.026042 0.072222
0 0.187500 0.514583 0.018750 0.056944
0 0.172396 0.522222 0.017708 0.088889
0 0.353125 0.462500 0.018750 0.027778
0 0.438542 0.465972 0.016667 0.043056
0 0.410938 0.480556 0.023958 0.063889
0 0.423438 0.504167 0.028125 0.063889
0 0.801042 0.492361 0.064583 0.156944
0 0.840104 0.539583 0.042708 0.062500
0 0.934896 0.494444 0.055208 0.125000
0 0.973958 0.477083 0.052083 0.151389
