0 0.759896 0.719444 0.288542 0.561111
0 0.979688 0.668750 0.040625 0.379167
0 0.943750 0.488889 0.079167 0.172222
0 0.029167 0.468750 0.056250 0.268056
0 0.353125 0.476389 0.095833 0.127778
0 0.392708 0.461806 0.047917 0.106944
0 0.427083 0.484028 0.062500 0.109722
0 0.453125 0.470833 0.041667 0.125000
0 0.320312 0.433333 0.019792 0.058333
0 0.339062 0.436806 0.015625 0.056944
0 0.457813 0.427778 0.013542 0.047222
0 0.468229 0.429167 0.009375 0.041667
0 0.475521 0.442361 0.019792 0.059722
0 0.491667 0.440972 0.016667 0.059722
0 0.502604 0.440278 0.011458 0.061111
0 0.512500 0.442361 0.018750 0.065278
0 0.534896 0.440972 0.021875 0.059722
0 0.658854 0.454167 0.067708 0.141667
