0 0.190104 0.646528 0.176042 0.459722
0 0.174479 0.543056 0.167708 0.238889
0 0.339583 0.693750 0.245833 0.512500
0 0.408333 0.490278 0.033333 0.075000
0 0.430729 0.515972 0.044792 0.123611
0 0.444792 0.509028 0.018750 0.109722
0 0.478646 0.513194 0.040625 0.109722
0 0.583854 0.548611 0.069792 0.180556
0 0.647917 0.550694 0.056250 0.176389
0 0.669271 0.533333 0.036458 0.122222
0 0.712500 0.546528 0.056250 0.151389
0 0.775521 0.528472 0.046875 0.081944
0 0.800521 0.577083 0.082292 0.204167
0 0.922396 0.615278 0.121875 0.275000
0 0.868750 0.634028 0.075000 0.154167
0 0.960417 0.591667 0.077083 0.216667
0 0.844792 0.534028 0.043750 0.093056
