0 0.617188 0.612500 0.119792 0.400000
0 0.780208 0.560417 0.120833 0.293056
0 0.070312 0.603472 0.138542 0.331944
0 0.135937 0.511806 0.051042 0.104167
0 0.438542 0.611111 0.139583 0.358333
0 0.485417 0.461111 0.022917 0.072222
0 0.500521 0.464583 0.026042 0.056944
0 0.320833 0.468056 0.056250 0.116667
0 0.197396 0.492361 0.048958 0.101389
0 0.899479 0.557639 0.055208 0.243056
0 0.856771 0.537500 0.067708 0.208333
0 0.706771 0.472917 0.030208 0.062500
0 0.563542 0.459722 0.020833 0.050000
0 0.541667 0.457639 0.029167 0.043056
0 0.661979 0.477083 0.026042 0.101389
0 0.678125 0.463194 0.031250 0.062500
0 0.706250 0.465278 0.020833 0.058333
