0 0.017708 0.516667 0.033333 0.116667
0 0.030208 0.502778 0.022917 0.075000
0 0.050521 0.514583 0.036458 0.115278
0 0.072917 0.497917 0.029167 0.079167
0 0.154167 0.548611 0.062500 0.088889
0 0.368750 0.523611 0.033333 0.069444
0 0.438542 0.515278 0.041667 0.063889
0 0.481771 0.534722 0.019792 0.047222
0 0.502083 0.531944 0.029167 0.041667
0 0.519792 0.531944 0.016667 0.038889
0 0.530729 0.520139 0.015625 0.079167
0 0.547396 0.484028 0.023958 0.048611
0 0.564583 0.543750 0.031250 0.115278
0 0.610417 0.550000 0.066667 0.144444
0 0.671354 0.555556 0.065625 0.100000
0 0.895833 0.670139 0.208333 0.331944
