0 0.595313 0.534028 0.061458 0.281944
0 0.533333 0.494444 0.031250 0.125000
0 0.549479 0.465972 0.028125 0.076389
0 0.509375 0.493056 0.027083 0.119444
0 0.396354 0.509722 0.021875 0.108333
0 0.335938 0.506250 0.021875 0.101389
0 0.321354 0.496528 0.015625 0.073611
0 0.028125 0.534028 0.025000 0.095833
0 0.054688 0.524306 0.030208 0.084722
0 0.156771 0.525000 0.021875 0.083333
0 0.177604 0.527083 0.017708 0.084722
0 0.204167 0.518056 0.020833 0.088889
0 0.214583 0.518750 0.016667 0.090278
0 0.225521 0.491667 0.011458 0.044444
0 0.235937 0.516667 0.013542 0.075000
