0 0.024479 0.365278 0.046875 0.119444
0 0.047396 0.395139 0.030208 0.131944
0 0.090625 0.357639 0.027083 0.090278
0 0.107813 0.375694 0.021875 0.056944
0 0.271354 0.511111 0.136458 0.383333
0 0.391146 0.575000 0.123958 0.536111
0 0.469271 0.400000 0.098958 0.186111
0 0.717708 0.606944 0.235417 0.647222
0 0.074479 0.368056 0.032292 0.061111
0 0.603125 0.363194 0.018750 0.040278
0 0.569271 0.356944 0.021875 0.033333
0 0.817187 0.355556 0.019792 0.038889
0 0.845833 0.359722 0.029167 0.047222
0 0.864062 0.366667 0.017708 0.038889
0 0.878125 0.359722 0.016667 0.038889
0 0.918229 0.360417 0.019792 0.048611
0 0.933333 0.362500 0.022917 0.044444
0 0.949479 0.363194 0.015625 0.051389
