0 0.679688 0.634722 0.151042 0.475000
0 0.064583 0.507639 0.033333 0.093056
0 0.205729 0.532639 0.055208 0.173611
0 0.328125 0.521528 0.050000 0.131944
0 0.244271 0.495833 0.023958 0.052778
0 0.313021 0.490972 0.017708 0.051389
0 0.377604 0.490278 0.015625 0.050000
0 0.470833 0.493056 0.014583 0.061111
0 0.580729 0.492361 0.017708 0.040278
0 0.619271 0.490972 0.015625 0.048611
0 0.629687 0.490972 0.009375 0.048611
0 0.634375 0.493056 0.010417 0.038889
0 0.641146 0.488194 0.009375 0.029167
0 0.736458 0.490972 0.014583 0.031944
0 0.750521 0.493056 0.009375 0.030556
0 0.782292 0.506250 0.027083 0.081944
0 0.849479 0.563889 0.065625 0.250000
