0 0.083854 0.631944 0.038542 0.133333
0 0.284896 0.647222 0.063542 0.272222
0 0.351042 0.631250 0.060417 0.259722
0 0.313542 0.584028 0.014583 0.048611
0 0.328646 0.602778 0.021875 0.080556
0 0.419271 0.620833 0.046875 0.213889
0 0.488542 0.590972 0.027083 0.095833
0 0.519271 0.554861 0.015625 0.068056
0 0.532813 0.616667 0.042708 0.161111
0 0.565625 0.603472 0.035417 0.173611
0 0.622917 0.595833 0.058333 0.169444
0 0.678125 0.612500 0.060417 0.255556
0 0.724479 0.609722 0.061458 0.269444
0 0.793750 0.597222 0.070833 0.275000
0 0.852604 0.514583 0.017708 0.106944
0 0.904167 0.504861 0.022917 0.109722
