0 0.618229 0.518750 0.153125 0.734722
0 0.761979 0.400694 0.101042 0.509722
0 0.822917 0.319444 0.033333 0.163889
0 0.831250 0.343750 0.022917 0.120833
0 0.035937 0.407639 0.069792 0.209722
0 0.111979 0.340278 0.032292 0.100000
0 0.146354 0.331944 0.030208 0.052778
0 0.190625 0.399306 0.062500 0.265278
0 0.244271 0.351389 0.044792 0.147222
0 0.248958 0.352778 0.045833 0.111111
0 0.302083 0.342361 0.031250 0.104167
0 0.363542 0.334028 0.035417 0.109722
0 0.388542 0.341667 0.029167 0.091667
0 0.420312 0.375694 0.036458 0.181944
0 0.439063 0.361111 0.030208 0.127778
0 0.445312 0.313889 0.013542 0.063889
0 0.460417 0.351389 0.020833 0.119444
0 0.480729 0.368056 0.040625 0.169444
0 0.514583 0.347917 0.025000 0.106944
0 0.503646 0.323611 0.013542 0.075000
0 0.531250 0.344444 0.018750 0.111111
