0 0.321875 0.486111 0.014583 0.027778
0 0.349479 0.485417 0.021875 0.040278
0 0.370833 0.492361 0.022917 0.045833
0 0.401562 0.499306 0.021875 0.065278
0 0.449479 0.559028 0.069792 0.187500
0 0.509375 0.546528 0.041667 0.143056
0 0.530729 0.536806 0.034375 0.140278
0 0.559375 0.554861 0.054167 0.165278
0 0.558333 0.524306 0.056250 0.093056
0 0.586979 0.532639 0.030208 0.112500
0 0.656771 0.536111 0.048958 0.133333
0 0.645312 0.529861 0.048958 0.134722
0 0.692708 0.508333 0.031250 0.102778
0 0.770833 0.524306 0.068750 0.123611
0 0.789062 0.500000 0.023958 0.052778
