0 0.169271 0.554861 0.117708 0.159722
0 0.235937 0.545833 0.105208 0.144444
0 0.367188 0.487500 0.067708 0.138889
0 0.315625 0.491667 0.035417 0.080556
0 0.472917 0.484028 0.043750 0.120833
0 0.520833 0.472917 0.041667 0.095833
0 0.603646 0.470139 0.038542 0.120833
0 0.631771 0.498611 0.069792 0.163889
0 0.653125 0.463889 0.039583 0.111111
0 0.690625 0.481944 0.052083 0.130556
0 0.708854 0.461806 0.030208 0.090278
0 0.726562 0.447917 0.021875 0.062500
0 0.746354 0.465278 0.032292 0.086111
0 0.767188 0.450000 0.017708 0.061111
0 0.808333 0.450000 0.020833 0.061111
0 0.968750 0.438194 0.043750 0.106944
0 0.924479 0.437500 0.021875 0.091667
0 0.838021 0.443056 0.011458 0.041667
0 0.778646 0.435417 0.011458 0.034722
0 0.872396 0.438889 0.017708 0.055556
