0 0.809896 0.688889 0.330208 0.622222
0 0.957292 0.754167 0.085417 0.491667
0 0.887500 0.665972 0.112500 0.481944
0 0.046354 0.540278 0.090625 0.313889
0 0.405208 0.698611 0.164583 0.472222
0 0.322917 0.472917 0.014583 0.059722
0 0.334896 0.475694 0.017708 0.059722
0 0.347396 0.476389 0.015625 0.052778
0 0.387500 0.471528 0.012500 0.059722
0 0.402604 0.464583 0.017708 0.043056
0 0.418229 0.463889 0.015625 0.030556
0 0.442188 0.461806 0.017708 0.045833
0 0.457292 0.471528 0.016667 0.051389
0 0.468229 0.470139 0.015625 0.040278
0 0.485938 0.464583 0.015625 0.037500
0 0.505208 0.461111 0.018750 0.033333
0 0.520312 0.459028 0.015625 0.023611
