0 0.048958 0.595833 0.095833 0.575000
0 0.150000 0.675000 0.179167 0.650000
0 0.129688 0.397222 0.080208 0.163889
0 0.210417 0.418056 0.045833 0.166667
0 0.228646 0.511806 0.065625 0.326389
0 0.277083 0.581944 0.102083 0.502778
0 0.334896 0.565278 0.032292 0.405556
0 0.358333 0.563889 0.029167 0.416667
0 0.406250 0.634722 0.202083 0.730556
0 0.442708 0.367361 0.039583 0.090278
0 0.504687 0.531250 0.109375 0.490278
0 0.477083 0.340972 0.041667 0.070833
0 0.539583 0.367361 0.037500 0.073611
0 0.588542 0.538889 0.072917 0.425000
0 0.613021 0.406944 0.096875 0.166667
0 0.656771 0.625694 0.234375 0.748611
0 0.785417 0.426389 0.033333 0.100000
0 0.790625 0.579861 0.108333 0.393056
0 0.854167 0.638194 0.152083 0.470833
0 0.858333 0.387500 0.035417 0.050000
0 0.911979 0.429167 0.048958 0.180556
0 0.976562 0.381944 0.046875 0.063889
0 0.915625 0.686806 0.168750 0.579167
0 0.950521 0.706944 0.098958 0.586111
