0 0.066667 0.461806 0.093750 0.262500
0 0.910417 0.621528 0.150000 0.520833
0 0.471354 0.637500 0.217708 0.477778
0 0.978646 0.743750 0.042708 0.470833
0 0.688021 0.431944 0.067708 0.141667
0 0.358854 0.418750 0.013542 0.056944
0 0.369271 0.422222 0.011458 0.061111
0 0.380729 0.424306 0.015625 0.056944
0 0.439063 0.432639 0.034375 0.087500
0 0.494271 0.406944 0.015625 0.030556
0 0.472396 0.404167 0.011458 0.019444
0 0.516667 0.420139 0.014583 0.054167
0 0.544792 0.424306 0.020833 0.068056
0 0.560417 0.420139 0.014583 0.054167
