0 0.054167 0.314583 0.106250 0.148611
0 0.080729 0.315972 0.092708 0.170833
0 0.081250 0.307639 0.037500 0.106944
0 0.101562 0.302083 0.023958 0.112500
0 0.123438 0.316667 0.061458 0.133333
0 0.169792 0.340278 0.100000 0.258333
0 0.158854 0.226389 0.028125 0.069444
0 0.188542 0.306250 0.060417 0.195833
0 0.221875 0.295139 0.056250 0.198611
0 0.234896 0.234028 0.023958 0.045833
0 0.268229 0.301389 0.057292 0.216667
0 0.305208 0.325694 0.052083 0.240278
0 0.327083 0.329167 0.083333 0.308333
0 0.380729 0.329861 0.046875 0.245833
0 0.444271 0.341667 0.082292 0.286111
