0 0.426042 0.470833 0.039583 0.208333
0 0.543229 0.488889 0.065625 0.286111
0 0.836979 0.497917 0.171875 0.445833
0 0.970313 0.544444 0.059375 0.700000
0 0.846875 0.377083 0.022917 0.104167
0 0.850000 0.390972 0.022917 0.073611
0 0.874479 0.372917 0.040625 0.112500
0 0.923958 0.373611 0.033333 0.105556
0 0.963542 0.370139 0.033333 0.095833
0 0.703646 0.375694 0.026042 0.051389
0 0.633854 0.384028 0.005208 0.034722
0 0.638542 0.382639 0.006250 0.031944
0 0.652604 0.381250 0.007292 0.031944
0 0.658333 0.381250 0.006250 0.031944
