0 0.442708 0.608333 0.160417 0.441667
0 0.587500 0.635417 0.116667 0.373611
0 0.506250 0.536806 0.047917 0.193056
0 0.542188 0.558333 0.067708 0.247222
0 0.566667 0.476389 0.027083 0.061111
0 0.632292 0.479167 0.033333 0.075000
0 0.659375 0.560417 0.068750 0.229167
0 0.681250 0.469444 0.029167 0.072222
0 0.704688 0.550694 0.048958 0.226389
0 0.732812 0.587500 0.078125 0.288889
0 0.777083 0.568750 0.083333 0.251389
0 0.835938 0.661111 0.128125 0.480556
0 0.902083 0.659722 0.095833 0.450000
0 0.967187 0.703472 0.065625 0.593056
0 0.210417 0.681944 0.243750 0.597222
0 0.062500 0.679861 0.122917 0.587500
