0 0.838542 0.795139 0.302083 0.409722
0 0.180208 0.716667 0.233333 0.444444
0 0.036458 0.539583 0.070833 0.609722
0 0.356771 0.601389 0.155208 0.291667
0 0.147396 0.336806 0.042708 0.173611
0 0.223438 0.376389 0.042708 0.236111
0 0.253125 0.376389 0.045833 0.250000
0 0.292187 0.374306 0.065625 0.301389
0 0.342187 0.324306 0.061458 0.226389
0 0.400000 0.331250 0.079167 0.229167
0 0.453125 0.477778 0.085417 0.161111
0 0.505729 0.452083 0.090625 0.154167
0 0.480729 0.318056 0.055208 0.194444
0 0.539062 0.380556 0.057292 0.111111
0 0.577604 0.486111 0.105208 0.200000
0 0.688542 0.454861 0.166667 0.287500
0 0.647917 0.321528 0.081250 0.170833
0 0.709896 0.334722 0.086458 0.211111
0 0.777604 0.412500 0.092708 0.350000
