0 0.477083 0.714583 0.275000 0.570833
0 0.097917 0.452083 0.027083 0.040278
0 0.127083 0.456944 0.022917 0.038889
0 0.189062 0.463889 0.026042 0.077778
0 0.227083 0.466667 0.022917 0.063889
0 0.272917 0.461806 0.025000 0.059722
0 0.326042 0.463889 0.020833 0.055556
0 0.351562 0.465278 0.015625 0.055556
0 0.364583 0.463889 0.016667 0.061111
0 0.377083 0.472917 0.020833 0.034722
0 0.524479 0.456944 0.013542 0.044444
0 0.608854 0.455556 0.026042 0.044444
0 0.820312 0.486111 0.046875 0.113889
0 0.864062 0.485417 0.042708 0.115278
