0 0.061458 0.573611 0.070833 0.150000
0 0.180208 0.559028 0.100000 0.145833
0 0.281771 0.561806 0.038542 0.120833
0 0.328125 0.573611 0.064583 0.175000
0 0.416667 0.574306 0.066667 0.168056
0 0.517708 0.559722 0.087500 0.163889
0 0.459896 0.532639 0.028125 0.112500
0 0.472396 0.519444 0.017708 0.080556
0 0.485938 0.532639 0.036458 0.093056
0 0.425000 0.508333 0.022917 0.050000
0 0.526563 0.477778 0.017708 0.022222
0 0.541667 0.504167 0.033333 0.072222
0 0.577083 0.551389 0.052083 0.136111
0 0.626563 0.533333 0.026042 0.119444
0 0.747396 0.503472 0.026042 0.056944
