0 0.187500 0.647917 0.164583 0.454167
0 0.163021 0.525694 0.138542 0.209722
0 0.334375 0.696528 0.212500 0.512500
0 0.414062 0.478472 0.019792 0.068056
0 0.431250 0.514583 0.047917 0.126389
0 0.476562 0.512500 0.036458 0.116667
0 0.447917 0.506250 0.022917 0.106944
0 0.586979 0.552083 0.067708 0.184722
0 0.651042 0.555556 0.060417 0.172222
0 0.673438 0.536806 0.032292 0.129167
0 0.689063 0.504167 0.021875 0.063889
0 0.717187 0.534722 0.076042 0.136111
0 0.780208 0.524306 0.039583 0.070833
0 0.749479 0.520833 0.032292 0.080556
0 0.799479 0.571528 0.086458 0.198611
0 0.844271 0.541667 0.032292 0.083333
0 0.919271 0.606944 0.123958 0.252778
0 0.965625 0.599306 0.066667 0.226389
0 0.870833 0.638889 0.056250 0.155556
