0 0.048958 0.500000 0.025000 0.061111
0 0.133333 0.540278 0.050000 0.163889
0 0.167187 0.506250 0.019792 0.076389
0 0.204167 0.532639 0.045833 0.137500
0 0.236979 0.497917 0.019792 0.059722
0 0.374479 0.500000 0.021875 0.058333
0 0.408333 0.499306 0.018750 0.040278
0 0.416667 0.494444 0.010417 0.047222
0 0.426563 0.495833 0.017708 0.050000
0 0.454167 0.495833 0.010417 0.038889
0 0.465104 0.497222 0.017708 0.041667
0 0.497396 0.499306 0.013542 0.043056
0 0.520312 0.497222 0.011458 0.038889
0 0.532292 0.497917 0.008333 0.023611
0 0.542708 0.498611 0.010417 0.025000
0 0.584896 0.500000 0.013542 0.030556
0 0.597396 0.500694 0.009375 0.029167
0 0.605208 0.500694 0.010417 0.023611
0 0.632292 0.510417 0.031250 0.065278
0 0.650000 0.500000 0.012500 0.025000
0 0.732292 0.563194 0.075000 0.229167
0 0.864583 0.665278 0.156250 0.538889
0 0.936458 0.525000 0.025000 0.100000
0 0.922396 0.506250 0.021875 0.065278
