0 0.180208 0.586111 0.139583 0.272222
0 0.502604 0.619444 0.136458 0.250000
0 0.614583 0.575694 0.129167 0.276389
0 0.501042 0.458333 0.068750 0.119444
0 0.414062 0.452083 0.092708 0.145833
0 0.759896 0.534722 0.113542 0.191667
0 0.840625 0.558333 0.154167 0.216667
0 0.669792 0.443056 0.064583 0.113889
0 0.647396 0.425694 0.055208 0.104167
0 0.642188 0.411806 0.059375 0.104167
0 0.475521 0.393056 0.048958 0.097222
0 0.343750 0.369444 0.045833 0.086111
0 0.060417 0.383333 0.095833 0.266667
0 0.136458 0.394444 0.085417 0.277778
0 0.210938 0.369444 0.073958 0.291667
0 0.120313 0.277083 0.038542 0.073611
0 0.170833 0.326389 0.043750 0.166667
0 0.183333 0.246528 0.025000 0.048611
0 0.197396 0.234028 0.015625 0.026389
0 0.241667 0.243056 0.016667 0.058333
0 0.258333 0.243056 0.014583 0.063889
0 0.393229 0.334028 0.030208 0.090278
0 0.371354 0.304861 0.019792 0.054167
0 0.378646 0.325000 0.023958 0.058333
0 0.294792 0.318750 0.033333 0.048611
0 0.302083 0.300694 0.027083 0.040278
0 0.283854 0.225000 0.011458 0.019444
0 0.291146 0.227778 0.009375 0.025000
0 0.310937 0.229861 0.009375 0.034722
0 0.317708 0.240972 0.016667 0.048611
0 0.334896 0.246528 0.017708 0.065278
0 0.344792 0.248611 0.018750 0.055556
0 0.363021 0.250000 0.021875 0.072222
0 0.375521 0.255556 0.013542 0.058333
0 0.387500 0.263194 0.018750 0.079167
0 0.398958 0.262500 0.012500 0.083333
0 0.411979 0.266667 0.019792 0.094444
0 0.430729 0.256944 0.023958 0.069444
0 0.431771 0.218750 0.009375 0.015278
0 0.444792 0.251389 0.014583 0.075000
0 0.456771 0.265972 0.026042 0.068056
0 0.465104 0.289583 0.017708 0.031944
0 0.487500 0.295833 0.029167 0.133333
0 0.528125 0.331944 0.070833 0.183333
0 0.546875 0.290278 0.031250 0.125000
0 0.520312 0.250694 0.017708 0.045833
0 0.577604 0.314583 0.034375 0.193056
0 0.601042 0.333333 0.045833 0.180556
0 0.621875 0.314583 0.033333 0.159722
0 0.643229 0.322222 0.042708 0.169444
0 0.683333 0.322222 0.052083 0.186111
0 0.743229 0.328472 0.059375 0.220833
0 0.796354 0.363194 0.067708 0.243056
0 0.830729 0.351389 0.063542 0.241667
0 0.873958 0.384722 0.089583 0.286111
0 0.901042 0.363194 0.083333 0.265278
0 0.970313 0.440972 0.059375 0.298611
