0 0.316667 0.440972 0.081250 0.240278
0 0.284896 0.431250 0.071875 0.218056
0 0.201563 0.354167 0.034375 0.094444
0 0.223438 0.345833 0.023958 0.072222
0 0.236979 0.343056 0.015625 0.061111
0 0.263021 0.359722 0.034375 0.108333
0 0.409375 0.431250 0.087500 0.256944
0 0.477604 0.434028 0.086458 0.229167
0 0.420312 0.406944 0.032292 0.188889
0 0.443750 0.410417 0.054167 0.231944
0 0.594271 0.518750 0.176042 0.373611
0 0.572917 0.443056 0.075000 0.202778
0 0.638021 0.437500 0.065625 0.244444
0 0.722917 0.479167 0.116667 0.405556
0 0.792188 0.459722 0.080208 0.294444
0 0.850000 0.495139 0.143750 0.379167
0 0.951042 0.550000 0.097917 0.291667
0 0.914583 0.459028 0.087500 0.276389
0 0.983333 0.479167 0.033333 0.219444
