0 0.199479 0.884028 0.142708 0.231944
0 0.046354 0.758333 0.090625 0.483333
0 0.188542 0.771528 0.170833 0.395833
0 0.377604 0.665278 0.080208 0.236111
0 0.245833 0.618750 0.058333 0.226389
0 0.110417 0.568056 0.070833 0.108333
0 0.042708 0.513194 0.031250 0.093056
0 0.094271 0.516667 0.038542 0.116667
0 0.117188 0.512500 0.034375 0.111111
0 0.135417 0.491667 0.041667 0.111111
0 0.169271 0.520139 0.032292 0.126389
0 0.183333 0.500000 0.022917 0.111111
0 0.203646 0.520833 0.034375 0.113889
0 0.235937 0.503472 0.044792 0.095833
0 0.277083 0.484028 0.025000 0.070833
0 0.399479 0.506250 0.026042 0.109722
0 0.420833 0.538889 0.025000 0.111111
0 0.463021 0.549306 0.021875 0.093056
0 0.485938 0.522222 0.028125 0.138889
0 0.457292 0.491667 0.020833 0.072222
0 0.443229 0.472917 0.013542 0.056944
0 0.576562 0.518750 0.028125 0.098611
0 0.604167 0.506250 0.022917 0.054167
0 0.581771 0.631250 0.094792 0.187500
0 0.637500 0.790972 0.110417 0.418056
0 0.760417 0.790972 0.160417 0.418056
0 0.768750 0.875000 0.210417 0.250000
0 0.966146 0.745833 0.067708 0.338889
0 0.901563 0.725000 0.151042 0.330556
0 0.747917 0.606944 0.045833 0.144444
0 0.815625 0.666667 0.070833 0.216667
0 0.793229 0.527083 0.028125 0.093056
0 0.680208 0.581250 0.060417 0.218056
0 0.607812 0.628472 0.134375 0.159722
0 0.729688 0.614583 0.044792 0.226389
0 0.743750 0.500000 0.027083 0.080556
0 0.626563 0.488194 0.026042 0.062500
0 0.651042 0.496528 0.027083 0.051389
