0 0.103646 0.565972 0.107292 0.162500
0 0.207292 0.555556 0.060417 0.125000
0 0.260417 0.559722 0.068750 0.147222
0 0.388021 0.581250 0.076042 0.181944
0 0.477083 0.576389 0.072917 0.200000
0 0.497396 0.519444 0.030208 0.088889
0 0.446354 0.519444 0.032292 0.086111
0 0.516667 0.519444 0.025000 0.080556
0 0.553646 0.562500 0.055208 0.147222
0 0.550000 0.488889 0.018750 0.050000
0 0.571354 0.516667 0.032292 0.088889
0 0.622396 0.531250 0.036458 0.112500
0 0.669271 0.531250 0.034375 0.109722
0 0.759375 0.511806 0.025000 0.037500
