0 0.035937 0.434028 0.069792 0.256944
0 0.133333 0.434028 0.050000 0.073611
0 0.190625 0.429861 0.045833 0.201389
0 0.230729 0.425694 0.069792 0.218056
0 0.286979 0.429167 0.069792 0.227778
0 0.339062 0.436111 0.053125 0.197222
0 0.318750 0.422222 0.031250 0.172222
0 0.364063 0.422917 0.028125 0.159722
0 0.394792 0.416667 0.031250 0.147222
0 0.452604 0.424306 0.034375 0.131944
0 0.482292 0.409722 0.043750 0.125000
0 0.589583 0.415278 0.027083 0.091667
0 0.393750 0.582639 0.129167 0.170833
0 0.626563 0.669444 0.163542 0.222222
0 0.530729 0.475000 0.073958 0.166667
0 0.646354 0.537500 0.123958 0.280556
0 0.738542 0.554167 0.100000 0.152778
0 0.864583 0.489583 0.072917 0.220833
0 0.836979 0.468750 0.053125 0.179167
0 0.987500 0.465972 0.025000 0.151389
