0 0.715625 0.642361 0.154167 0.348611
0 0.183333 0.504167 0.018750 0.050000
0 0.227604 0.516667 0.026042 0.069444
0 0.240104 0.511806 0.019792 0.059722
0 0.254688 0.515972 0.021875 0.065278
0 0.289583 0.545139 0.062500 0.173611
0 0.318229 0.512500 0.021875 0.063889
0 0.369271 0.537500 0.061458 0.155556
0 0.454688 0.538194 0.055208 0.131944
0 0.524479 0.549306 0.051042 0.129167
0 0.569271 0.542361 0.057292 0.143056
0 0.599479 0.537500 0.046875 0.138889
0 0.643750 0.541667 0.050000 0.136111
0 0.679688 0.546528 0.040625 0.134722
0 0.715104 0.541667 0.034375 0.155556
0 0.813542 0.547917 0.060417 0.168056
