0 0.063021 0.712500 0.123958 0.575000
0 0.265104 0.713889 0.171875 0.572222
0 0.605729 0.754167 0.209375 0.491667
0 0.806771 0.720139 0.126042 0.462500
0 0.877604 0.741667 0.165625 0.516667
0 0.326042 0.693750 0.095833 0.443056
0 0.384375 0.551389 0.064583 0.144444
0 0.411979 0.518056 0.032292 0.066667
0 0.458333 0.539583 0.041667 0.123611
0 0.472396 0.524306 0.021875 0.093056
0 0.501563 0.524306 0.038542 0.098611
0 0.570833 0.514583 0.022917 0.076389
0 0.584896 0.501389 0.015625 0.044444
0 0.620833 0.501389 0.022917 0.047222
0 0.681771 0.518750 0.028125 0.079167
0 0.932292 0.502778 0.022917 0.050000
