0 0.555208 0.709028 0.260417 0.581944
0 0.683854 0.610417 0.132292 0.529167
0 0.807813 0.691667 0.176042 0.533333
0 0.895312 0.630556 0.130208 0.516667
0 0.362500 0.431944 0.058333 0.147222
0 0.007812 0.428472 0.013542 0.059722
0 0.022917 0.428472 0.016667 0.059722
0 0.074479 0.422222 0.021875 0.066667
0 0.090625 0.422917 0.016667 0.062500
0 0.119792 0.424306 0.014583 0.062500
0 0.131771 0.418750 0.017708 0.068056
0 0.153646 0.425000 0.021875 0.061111
0 0.164062 0.421528 0.019792 0.065278
0 0.195312 0.424306 0.023958 0.070833
0 0.213021 0.421528 0.023958 0.065278
0 0.270313 0.395833 0.019792 0.022222
0 0.248958 0.395833 0.018750 0.027778
