0 0.318750 0.486111 0.022917 0.025000
0 0.348438 0.486806 0.021875 0.040278
0 0.370312 0.491667 0.026042 0.047222
0 0.403125 0.497917 0.029167 0.059722
0 0.448958 0.557639 0.068750 0.181944
0 0.508854 0.547222 0.040625 0.144444
0 0.526042 0.541667 0.039583 0.150000
0 0.560937 0.553472 0.061458 0.165278
0 0.561458 0.529167 0.070833 0.100000
0 0.588021 0.536111 0.040625 0.125000
0 0.658854 0.539583 0.057292 0.140278
0 0.622396 0.513194 0.017708 0.095833
0 0.695833 0.512500 0.033333 0.111111
0 0.764583 0.529861 0.047917 0.131944
0 0.791146 0.502778 0.019792 0.058333
