0 0.055729 0.658333 0.109375 0.386111
0 0.189062 0.604167 0.109375 0.347222
0 0.346875 0.618750 0.133333 0.326389
0 0.240625 0.547222 0.102083 0.213889
0 0.476562 0.543056 0.086458 0.172222
0 0.544271 0.546528 0.067708 0.151389
0 0.840104 0.565278 0.061458 0.158333
0 0.926042 0.620833 0.072917 0.297222
0 0.699479 0.486111 0.019792 0.050000
0 0.722396 0.490278 0.019792 0.061111
0 0.685417 0.484722 0.018750 0.047222
0 0.660417 0.484028 0.020833 0.045833
0 0.638021 0.487500 0.017708 0.041667
0 0.617188 0.486111 0.023958 0.041667
0 0.267188 0.490972 0.019792 0.040278
