0 0.026042 0.682639 0.050000 0.129167
0 0.032292 0.556944 0.052083 0.086111
0 0.051042 0.611111 0.100000 0.097222
0 0.077083 0.558333 0.058333 0.094444
0 0.144792 0.630556 0.041667 0.097222
0 0.170313 0.593056 0.044792 0.097222
0 0.206250 0.590972 0.058333 0.084722
0 0.178646 0.540278 0.046875 0.105556
0 0.274479 0.612500 0.057292 0.047222
0 0.327083 0.620139 0.102083 0.087500
0 0.406771 0.614583 0.076042 0.090278
0 0.494271 0.590278 0.071875 0.216667
0 0.608333 0.670139 0.045833 0.084722
0 0.634896 0.668750 0.044792 0.056944
0 0.677604 0.676389 0.048958 0.061111
0 0.722396 0.664583 0.092708 0.123611
0 0.800000 0.601389 0.093750 0.258333
0 0.869792 0.576389 0.037500 0.127778
0 0.934375 0.562500 0.047917 0.097222
0 0.552083 0.556250 0.050000 0.112500
0 0.427083 0.547917 0.033333 0.093056
0 0.411458 0.545833 0.033333 0.105556
0 0.365625 0.547222 0.035417 0.105556
0 0.272917 0.530556 0.018750 0.097222
0 0.289062 0.534028 0.019792 0.087500
