0 0.048958 0.564583 0.095833 0.381944
0 0.144792 0.565278 0.133333 0.386111
0 0.278646 0.602778 0.157292 0.488889
0 0.431250 0.660417 0.300000 0.679167
0 0.591667 0.656250 0.108333 0.543056
0 0.333333 0.427778 0.047917 0.075000
0 0.373958 0.443750 0.033333 0.129167
0 0.522396 0.420139 0.028125 0.054167
0 0.672396 0.425000 0.034375 0.069444
0 0.712500 0.425000 0.027083 0.061111
0 0.925521 0.416667 0.023958 0.044444
0 0.882292 0.423611 0.031250 0.052778
0 0.850521 0.414583 0.019792 0.062500
0 0.959896 0.419444 0.026042 0.044444
0 0.973437 0.422917 0.019792 0.040278
0 0.984896 0.417361 0.017708 0.048611
0 0.994792 0.416667 0.010417 0.052778
