0 0.119792 0.777778 0.066667 0.152778
0 0.189583 0.760417 0.062500 0.151389
0 0.381250 0.778472 0.081250 0.290278
0 0.360938 0.727083 0.069792 0.259722
0 0.395313 0.748611 0.086458 0.261111
0 0.477604 0.788194 0.094792 0.320833
0 0.438021 0.614583 0.040625 0.090278
0 0.416667 0.595833 0.033333 0.094444
0 0.480729 0.681944 0.044792 0.216667
0 0.498437 0.702778 0.032292 0.183333
0 0.533333 0.708333 0.045833 0.233333
0 0.523438 0.591667 0.044792 0.080556
0 0.488542 0.572917 0.029167 0.059722
0 0.438542 0.611806 0.039583 0.084722
0 0.577604 0.692361 0.053125 0.240278
0 0.569792 0.571528 0.014583 0.023611
0 0.587500 0.588194 0.025000 0.104167
0 0.652083 0.752083 0.068750 0.268056
0 0.639583 0.638889 0.047917 0.102778
0 0.670312 0.665972 0.042708 0.181944
0 0.730729 0.715278 0.076042 0.294444
0 0.721354 0.686111 0.055208 0.213889
0 0.793750 0.733333 0.054167 0.261111
0 0.941146 0.595833 0.023958 0.127778
0 0.982292 0.543750 0.027083 0.051389
0 0.954688 0.541667 0.023958 0.052778
0 0.854167 0.799306 0.083333 0.359722
0 0.690104 0.595139 0.028125 0.104167
0 0.411458 0.538194 0.029167 0.070833
0 0.073438 0.537500 0.026042 0.086111
0 0.231771 0.540972 0.019792 0.059722
0 0.250000 0.538889 0.022917 0.066667
0 0.381771 0.538889 0.017708 0.080556
0 0.654687 0.516667 0.013542 0.055556
0 0.721354 0.513889 0.017708 0.044444
0 0.742708 0.515972 0.016667 0.045833
0 0.758333 0.516667 0.016667 0.047222
