0 0.027083 0.522222 0.052083 0.147222
0 0.166146 0.509722 0.042708 0.136111
0 0.203125 0.509722 0.045833 0.133333
0 0.379688 0.488194 0.019792 0.068056
0 0.393229 0.494444 0.015625 0.063889
0 0.410417 0.508333 0.018750 0.055556
0 0.511979 0.531944 0.069792 0.172222
0 0.543750 0.506250 0.029167 0.090278
0 0.554167 0.504167 0.022917 0.088889
0 0.586979 0.535417 0.059375 0.170833
0 0.606250 0.494444 0.031250 0.080556
0 0.734896 0.484028 0.055208 0.129167
0 0.698958 0.488889 0.025000 0.088889
0 0.850000 0.500694 0.077083 0.231944
0 0.885417 0.516667 0.062500 0.227778
0 0.964583 0.498611 0.062500 0.172222
