0 0.796354 0.587500 0.121875 0.283333
0 0.716667 0.561111 0.089583 0.247222
0 0.601562 0.537500 0.065625 0.172222
0 0.332813 0.513194 0.023958 0.065278
0 0.321875 0.504167 0.016667 0.058333
0 0.345833 0.506944 0.018750 0.063889
0 0.401042 0.506250 0.018750 0.059722
0 0.422917 0.507639 0.020833 0.054167
0 0.443750 0.504861 0.018750 0.065278
0 0.453125 0.508333 0.018750 0.052778
0 0.467187 0.518056 0.026042 0.058333
0 0.496875 0.520139 0.027083 0.065278
0 0.477083 0.502778 0.016667 0.047222
0 0.533333 0.492361 0.027083 0.031944
