0 0.041146 0.577778 0.080208 0.188889
0 0.068229 0.522222 0.032292 0.066667
0 0.115625 0.513889 0.022917 0.047222
0 0.156250 0.510417 0.050000 0.062500
0 0.213542 0.558333 0.077083 0.138889
0 0.211979 0.556944 0.061458 0.094444
0 0.286979 0.552778 0.059375 0.119444
0 0.372917 0.511806 0.022917 0.059722
0 0.384375 0.506250 0.018750 0.045833
0 0.409896 0.572917 0.061458 0.184722
0 0.436979 0.575000 0.057292 0.163889
0 0.421875 0.488194 0.010417 0.026389
0 0.433854 0.487500 0.019792 0.027778
0 0.478125 0.556250 0.050000 0.143056
0 0.510938 0.568750 0.073958 0.173611
0 0.513542 0.482639 0.016667 0.026389
0 0.576562 0.547917 0.071875 0.145833
0 0.633333 0.540972 0.039583 0.118056
0 0.607292 0.522222 0.027083 0.094444
