0 0.085938 0.628472 0.046875 0.131944
0 0.283854 0.646528 0.065625 0.268056
0 0.350000 0.631944 0.060417 0.269444
0 0.419271 0.622222 0.046875 0.213889
0 0.484375 0.570833 0.020833 0.047222
0 0.518229 0.551389 0.017708 0.058333
0 0.531771 0.617361 0.044792 0.165278
0 0.567708 0.606944 0.041667 0.183333
0 0.623437 0.600000 0.061458 0.183333
0 0.678646 0.618750 0.059375 0.265278
0 0.725000 0.611111 0.054167 0.269444
0 0.795312 0.598611 0.069792 0.277778
0 0.853646 0.513194 0.023958 0.104167
0 0.902604 0.500694 0.021875 0.104167
