0 0.223438 0.606944 0.023958 0.072222
0 0.237500 0.600000 0.016667 0.058333
0 0.250521 0.602778 0.019792 0.066667
0 0.314583 0.604167 0.025000 0.061111
0 0.338021 0.600694 0.013542 0.054167
0 0.351042 0.600694 0.025000 0.068056
0 0.405208 0.674306 0.068750 0.187500
0 0.388021 0.654861 0.048958 0.170833
0 0.429688 0.656944 0.044792 0.194444
0 0.463021 0.665972 0.067708 0.195833
0 0.497917 0.659722 0.047917 0.186111
0 0.541667 0.671528 0.066667 0.187500
0 0.520312 0.588889 0.026042 0.055556
0 0.665104 0.631944 0.044792 0.113889
0 0.706250 0.633333 0.043750 0.119444
0 0.745833 0.631944 0.039583 0.122222
