0 0.052604 0.593750 0.103125 0.590278
0 0.145313 0.675000 0.182292 0.650000
0 0.130208 0.405556 0.077083 0.175000
0 0.210938 0.409722 0.048958 0.158333
0 0.233333 0.421528 0.066667 0.162500
0 0.278125 0.583333 0.104167 0.505556
0 0.334375 0.398611 0.043750 0.080556
0 0.403646 0.631944 0.192708 0.736111
0 0.503646 0.535417 0.119792 0.495833
0 0.658854 0.621528 0.238542 0.756944
0 0.593229 0.538889 0.076042 0.425000
0 0.790625 0.579167 0.114583 0.397222
0 0.851562 0.639583 0.140625 0.479167
0 0.915625 0.686806 0.168750 0.579167
0 0.913542 0.429167 0.060417 0.175000
0 0.970833 0.386806 0.050000 0.098611
0 0.855208 0.389583 0.041667 0.062500
