0 0.131250 0.695139 0.187500 0.568056
0 0.251563 0.664583 0.159375 0.506944
0 0.345833 0.652083 0.118750 0.437500
0 0.426042 0.631250 0.104167 0.418056
0 0.463021 0.650000 0.161458 0.530556
0 0.119792 0.451389 0.097917 0.152778
0 0.620833 0.706250 0.218750 0.587500
0 0.555208 0.498611 0.056250 0.100000
0 0.708333 0.575694 0.045833 0.212500
0 0.784375 0.709028 0.133333 0.556944
0 0.936979 0.575694 0.126042 0.229167
0 0.823958 0.592361 0.043750 0.179167
0 0.858333 0.609028 0.045833 0.204167
0 0.896354 0.603472 0.059375 0.190278
