0 0.054167 0.728472 0.106250 0.518056
0 0.081250 0.750000 0.097917 0.400000
0 0.144792 0.656250 0.077083 0.334722
0 0.191146 0.727083 0.080208 0.345833
0 0.289062 0.681944 0.067708 0.291667
0 0.245833 0.560417 0.031250 0.062500
0 0.336979 0.626389 0.044792 0.261111
0 0.389583 0.659028 0.095833 0.295833
0 0.366146 0.624306 0.053125 0.240278
0 0.463542 0.682639 0.075000 0.148611
0 0.463542 0.601389 0.058333 0.116667
0 0.454167 0.572917 0.052083 0.118056
0 0.522917 0.618056 0.043750 0.172222
0 0.622396 0.840972 0.107292 0.248611
0 0.736458 0.817361 0.156250 0.287500
0 0.813542 0.773611 0.045833 0.216667
0 0.931250 0.878472 0.137500 0.243056
0 0.905729 0.777083 0.111458 0.412500
0 0.897917 0.695833 0.110417 0.241667
0 0.810937 0.704861 0.067708 0.287500
0 0.728125 0.611111 0.045833 0.136111
0 0.770833 0.618750 0.043750 0.143056
0 0.695312 0.573611 0.046875 0.108333
0 0.661979 0.629861 0.084375 0.220833
0 0.613021 0.568056 0.034375 0.086111
