0 0.626563 0.858333 0.282292 0.283333
0 0.833333 0.768056 0.202083 0.463889
0 0.694271 0.797917 0.132292 0.362500
0 0.693750 0.625694 0.131250 0.240278
0 0.840625 0.538889 0.050000 0.047222
0 0.803646 0.498611 0.071875 0.152778
0 0.970833 0.482639 0.058333 0.156944
0 0.931771 0.484722 0.055208 0.097222
0 0.855729 0.449306 0.026042 0.076389
0 0.889062 0.463194 0.051042 0.098611
0 0.480208 0.829861 0.145833 0.340278
0 0.354687 0.847917 0.157292 0.301389
0 0.262500 0.787500 0.141667 0.425000
0 0.068750 0.778472 0.095833 0.187500
0 0.143750 0.620833 0.079167 0.125000
0 0.408854 0.729167 0.076042 0.272222
0 0.485938 0.722222 0.138542 0.316667
0 0.551042 0.715972 0.079167 0.340278
0 0.597917 0.583333 0.062500 0.286111
0 0.358854 0.670833 0.088542 0.144444
0 0.261979 0.641667 0.071875 0.163889
0 0.330208 0.618750 0.070833 0.209722
0 0.363021 0.603472 0.071875 0.120833
0 0.419271 0.574306 0.053125 0.129167
0 0.468229 0.577083 0.057292 0.106944
0 0.511458 0.553472 0.054167 0.084722
0 0.536458 0.515278 0.054167 0.150000
0 0.568750 0.539583 0.035417 0.145833
0 0.581250 0.448611 0.018750 0.036111
0 0.607812 0.465278 0.040625 0.072222
0 0.298438 0.610417 0.036458 0.143056
0 0.351562 0.529861 0.038542 0.062500
0 0.384896 0.482639 0.028125 0.029167
0 0.378646 0.516667 0.030208 0.050000
0 0.421875 0.501389 0.029167 0.050000
0 0.450000 0.493750 0.025000 0.037500
0 0.457292 0.513889 0.035417 0.063889
0 0.478646 0.504861 0.038542 0.087500
0 0.439583 0.465972 0.020833 0.037500
0 0.411458 0.477083 0.022917 0.054167
0 0.326562 0.475000 0.021875 0.041667
0 0.335938 0.475694 0.013542 0.020833
0 0.354687 0.461111 0.019792 0.027778
0 0.188542 0.507639 0.016667 0.040278
0 0.168750 0.479167 0.029167 0.036111
0 0.191667 0.543750 0.037500 0.068056
0 0.212500 0.506944 0.031250 0.052778
0 0.235417 0.515972 0.025000 0.070833
0 0.391146 0.456250 0.011458 0.018056
