0 0.944271 0.654167 0.111458 0.500000
0 0.317708 0.472917 0.102083 0.229167
0 0.878125 0.563889 0.172917 0.469444
0 0.736458 0.519444 0.160417 0.341667
0 0.359375 0.397917 0.016667 0.059722
0 0.370833 0.404861 0.014583 0.062500
0 0.382812 0.403472 0.017708 0.056944
0 0.433854 0.397917 0.019792 0.056944
0 0.445833 0.395139 0.014583 0.056944
0 0.467187 0.401389 0.017708 0.055556
0 0.483333 0.395833 0.014583 0.058333
0 0.492708 0.398611 0.016667 0.058333
0 0.504167 0.403472 0.018750 0.065278
0 0.535937 0.411111 0.055208 0.138889
0 0.558854 0.390972 0.019792 0.056944
