0 0.036979 0.438194 0.071875 0.223611
0 0.149479 0.630556 0.171875 0.600000
0 0.158333 0.595139 0.156250 0.509722
0 0.280729 0.476389 0.080208 0.269444
0 0.380729 0.584028 0.123958 0.526389
0 0.335938 0.438889 0.055208 0.202778
0 0.460417 0.475000 0.068750 0.258333
0 0.439583 0.386806 0.035417 0.090278
0 0.498437 0.456250 0.040625 0.143056
0 0.540104 0.464583 0.061458 0.215278
0 0.577083 0.456944 0.062500 0.188889
0 0.615104 0.415972 0.051042 0.131944
0 0.629167 0.416667 0.027083 0.102778
0 0.657292 0.418056 0.037500 0.088889
0 0.688021 0.422917 0.055208 0.112500
0 0.707812 0.411111 0.036458 0.094444
0 0.779687 0.477083 0.103125 0.290278
0 0.835938 0.486111 0.098958 0.244444
0 0.863542 0.425694 0.039583 0.159722
0 0.891146 0.434722 0.044792 0.136111
0 0.905729 0.421528 0.030208 0.123611
0 0.937500 0.429861 0.029167 0.109722
0 0.969792 0.452083 0.060417 0.168056
