0 0.225000 0.604167 0.020833 0.066667
0 0.237500 0.604861 0.020833 0.068056
0 0.315104 0.604861 0.021875 0.065278
0 0.339583 0.601389 0.014583 0.058333
0 0.355729 0.600694 0.015625 0.068056
0 0.404167 0.665278 0.079167 0.180556
0 0.385937 0.656250 0.044792 0.181944
0 0.428125 0.659028 0.047917 0.198611
0 0.464062 0.665972 0.073958 0.204167
0 0.491667 0.659722 0.050000 0.194444
0 0.543229 0.673611 0.071875 0.186111
0 0.663021 0.634028 0.051042 0.123611
0 0.706771 0.636806 0.046875 0.131944
0 0.750000 0.635417 0.043750 0.131944
0 0.520312 0.594444 0.042708 0.069444
