0 0.719271 0.675000 0.151042 0.205556
0 0.968229 0.601389 0.063542 0.291667
0 0.095312 0.498611 0.053125 0.138889
0 0.275521 0.461111 0.030208 0.077778
0 0.301563 0.456250 0.023958 0.040278
0 0.327083 0.454861 0.022917 0.043056
0 0.343229 0.454861 0.019792 0.037500
0 0.473438 0.464583 0.034375 0.043056
0 0.542188 0.477083 0.023958 0.073611
0 0.580208 0.470833 0.025000 0.055556
0 0.600521 0.463889 0.019792 0.050000
0 0.732292 0.485417 0.041667 0.084722
0 0.758333 0.481250 0.025000 0.084722
0 0.783854 0.492361 0.040625 0.101389
