0 0.835417 0.806944 0.302083 0.383333
0 0.687500 0.449306 0.154167 0.270833
0 0.768229 0.384028 0.073958 0.298611
0 0.704167 0.315278 0.087500 0.194444
0 0.744271 0.313194 0.055208 0.195833
0 0.647396 0.316667 0.071875 0.177778
0 0.577604 0.484722 0.111458 0.175000
0 0.541667 0.372917 0.054167 0.098611
0 0.481771 0.319444 0.059375 0.205556
0 0.499479 0.451389 0.092708 0.141667
0 0.459375 0.488194 0.104167 0.168056
0 0.418750 0.452778 0.070833 0.119444
0 0.178646 0.731250 0.238542 0.479167
0 0.355208 0.595139 0.150000 0.290278
0 0.039062 0.560417 0.076042 0.612500
0 0.151042 0.348611 0.039583 0.183333
0 0.223438 0.370833 0.044792 0.233333
0 0.252083 0.377083 0.041667 0.251389
0 0.291667 0.375000 0.064583 0.319444
0 0.341667 0.327083 0.064583 0.218056
0 0.400000 0.322917 0.072917 0.218056
