0 0.721875 0.807639 0.104167 0.384722
0 0.814583 0.795833 0.085417 0.352778
0 0.054688 0.745139 0.044792 0.106944
0 0.038021 0.695139 0.061458 0.154167
0 0.097917 0.646528 0.029167 0.065278
0 0.131771 0.779861 0.055208 0.287500
0 0.176042 0.749306 0.093750 0.281944
0 0.238021 0.721528 0.053125 0.245833
0 0.269271 0.699306 0.067708 0.237500
0 0.303646 0.713194 0.053125 0.195833
0 0.358854 0.651389 0.053125 0.105556
0 0.388021 0.631250 0.023958 0.070833
0 0.461458 0.686806 0.031250 0.068056
0 0.609375 0.659028 0.031250 0.112500
0 0.676042 0.706250 0.039583 0.187500
0 0.642708 0.682639 0.039583 0.081944
0 0.551562 0.615278 0.028125 0.052778
0 0.520312 0.618056 0.030208 0.052778
