0 0.417708 0.570139 0.097917 0.312500
0 0.636458 0.431250 0.093750 0.526389
0 0.758333 0.318750 0.043750 0.193056
0 0.786458 0.305556 0.035417 0.194444
0 0.019792 0.355556 0.037500 0.083333
0 0.092708 0.350694 0.031250 0.065278
0 0.133333 0.348611 0.020833 0.052778
0 0.193750 0.352778 0.020833 0.069444
0 0.248958 0.343750 0.025000 0.076389
0 0.323958 0.340972 0.022917 0.068056
0 0.465104 0.342361 0.023958 0.095833
0 0.474479 0.343056 0.013542 0.091667
0 0.501042 0.331944 0.018750 0.055556
0 0.500000 0.341667 0.020833 0.100000
0 0.488021 0.343750 0.013542 0.090278
0 0.504687 0.301389 0.013542 0.027778
0 0.509896 0.340972 0.011458 0.079167
0 0.550000 0.325694 0.014583 0.065278
0 0.565625 0.331944 0.016667 0.030556
