0 0.258854 0.421528 0.123958 0.243056
0 0.533854 0.468750 0.403125 0.229167
0 0.369792 0.390972 0.120833 0.129167
0 0.596354 0.411111 0.119792 0.158333
0 0.225521 0.363889 0.034375 0.055556
0 0.326562 0.368750 0.040625 0.059722
0 0.409375 0.365278 0.068750 0.088889
0 0.449479 0.359028 0.046875 0.062500
0 0.607292 0.366667 0.052083 0.080556
0 0.674479 0.363889 0.059375 0.061111
0 0.779167 0.431250 0.079167 0.181944
0 0.820833 0.429861 0.202083 0.212500
0 0.958854 0.419444 0.076042 0.216667
0 0.854688 0.438889 0.132292 0.216667
