0 0.108333 0.883333 0.062500 0.225000
0 0.134375 0.873611 0.037500 0.208333
0 0.157292 0.857639 0.035417 0.201389
0 0.174479 0.866667 0.028125 0.177778
0 0.202604 0.873611 0.055208 0.238889
0 0.251563 0.877778 0.059375 0.227778
0 0.295833 0.842361 0.043750 0.156944
0 0.319792 0.887500 0.068750 0.225000
0 0.356771 0.888194 0.040625 0.220833
0 0.396875 0.882639 0.072917 0.215278
0 0.476562 0.885417 0.061458 0.229167
0 0.579688 0.885417 0.061458 0.187500
0 0.511458 0.829861 0.050000 0.159722
0 0.713542 0.820833 0.054167 0.108333
0 0.879687 0.921528 0.080208 0.156944
0 0.850000 0.950694 0.068750 0.098611
0 0.955208 0.900000 0.089583 0.200000
0 0.979688 0.938889 0.040625 0.122222
0 0.966146 0.773611 0.036458 0.125000
0 0.988542 0.640278 0.022917 0.133333
0 0.909896 0.629167 0.046875 0.138889
0 0.676042 0.652083 0.050000 0.084722
0 0.566667 0.664583 0.027083 0.143056
0 0.588021 0.703472 0.030208 0.120833
0 0.315104 0.667361 0.032292 0.087500
0 0.206250 0.663194 0.041667 0.093056
0 0.364063 0.661111 0.032292 0.100000
0 0.446875 0.656944 0.022917 0.036111
0 0.467187 0.654861 0.023958 0.048611
0 0.506771 0.627778 0.034375 0.086111
