0 0.028646 0.647222 0.055208 0.166667
0 0.120313 0.739583 0.211458 0.301389
0 0.300521 0.729167 0.198958 0.250000
0 0.027083 0.520139 0.018750 0.037500
0 0.047917 0.515278 0.022917 0.047222
0 0.334896 0.541667 0.019792 0.033333
0 0.370312 0.536806 0.015625 0.031944
0 0.398958 0.543750 0.037500 0.129167
0 0.459375 0.540972 0.041667 0.118056
0 0.547917 0.564583 0.041667 0.070833
0 0.652083 0.573611 0.075000 0.080556
0 0.360417 0.515278 0.022917 0.058333
0 0.373437 0.509722 0.017708 0.038889
0 0.427083 0.524306 0.027083 0.076389
0 0.975521 0.581250 0.048958 0.137500
0 0.878646 0.564583 0.028125 0.056944
0 0.900000 0.563194 0.033333 0.054167
0 0.916667 0.563194 0.027083 0.059722
0 0.945833 0.547222 0.031250 0.097222
0 0.752604 0.544444 0.040625 0.061111
0 0.827083 0.538194 0.054167 0.059722
