0 0.192188 0.346528 0.032292 0.070833
0 0.247396 0.351389 0.067708 0.083333
0 0.276562 0.345833 0.040625 0.063889
0 0.309896 0.440972 0.080208 0.215278
0 0.342708 0.416667 0.070833 0.236111
0 0.392188 0.425694 0.069792 0.212500
0 0.421354 0.454861 0.086458 0.234722
0 0.433333 0.408333 0.045833 0.122222
0 0.450521 0.418056 0.053125 0.205556
0 0.497396 0.427778 0.061458 0.186111
0 0.570312 0.420139 0.084375 0.243056
0 0.678125 0.520139 0.208333 0.379167
0 0.643750 0.399306 0.050000 0.140278
0 0.675000 0.402083 0.079167 0.181944
0 0.763542 0.509028 0.064583 0.231944
0 0.748437 0.393056 0.092708 0.177778
