0 0.269792 0.419444 0.139583 0.250000
0 0.518229 0.470833 0.432292 0.222222
0 0.368750 0.391667 0.120833 0.133333
0 0.225521 0.365278 0.038542 0.063889
0 0.405208 0.365972 0.058333 0.076389
0 0.449479 0.352778 0.042708 0.061111
0 0.470833 0.356944 0.027083 0.033333
0 0.498958 0.359028 0.020833 0.034722
0 0.514583 0.362500 0.025000 0.041667
0 0.546875 0.369444 0.056250 0.069444
0 0.596875 0.413194 0.129167 0.154167
0 0.606250 0.362500 0.058333 0.077778
0 0.667188 0.370139 0.059375 0.073611
0 0.775521 0.431250 0.063542 0.198611
0 0.854688 0.442361 0.113542 0.193056
0 0.814583 0.437500 0.193750 0.169444
0 0.945833 0.426389 0.104167 0.188889
