0 0.331250 0.649306 0.254167 0.454167
0 0.583333 0.476389 0.029167 0.097222
0 0.623437 0.481250 0.026042 0.087500
0 0.639583 0.472222 0.029167 0.069444
0 0.739062 0.480556 0.028125 0.086111
0 0.839063 0.473611 0.023958 0.077778
0 0.855729 0.472222 0.021875 0.069444
0 0.881771 0.478472 0.028125 0.073611
0 0.063542 0.484028 0.033333 0.095833
0 0.102604 0.453472 0.032292 0.056944
0 0.177083 0.487500 0.052083 0.119444
0 0.235417 0.469444 0.035417 0.069444
0 0.335938 0.455556 0.023958 0.058333
0 0.404687 0.475694 0.030208 0.090278
