0 0.191146 0.890972 0.151042 0.218056
0 0.046354 0.764583 0.090625 0.470833
0 0.186979 0.727083 0.167708 0.337500
0 0.379688 0.660417 0.086458 0.237500
0 0.246875 0.612500 0.070833 0.236111
0 0.110417 0.582639 0.075000 0.137500
0 0.097917 0.516667 0.033333 0.122222
0 0.039583 0.513194 0.035417 0.081944
0 0.118750 0.504861 0.031250 0.093056
0 0.134375 0.505556 0.039583 0.133333
0 0.169271 0.525000 0.028125 0.125000
0 0.201563 0.520139 0.026042 0.120833
0 0.238542 0.489583 0.043750 0.081944
0 0.269792 0.529167 0.043750 0.108333
0 0.277604 0.472222 0.021875 0.033333
0 0.301042 0.493750 0.029167 0.084722
0 0.400000 0.511806 0.029167 0.123611
0 0.461458 0.545139 0.027083 0.081944
0 0.482812 0.522917 0.030208 0.148611
0 0.459896 0.487500 0.028125 0.058333
0 0.417187 0.528472 0.032292 0.104167
0 0.581250 0.506250 0.037500 0.076389
0 0.510938 0.473611 0.023958 0.055556
0 0.605208 0.512500 0.027083 0.055556
0 0.623958 0.485417 0.022917 0.054167
0 0.609896 0.484028 0.019792 0.045833
0 0.791146 0.529167 0.028125 0.083333
0 0.741667 0.502778 0.029167 0.080556
0 0.724479 0.609028 0.036458 0.226389
0 0.744792 0.605556 0.039583 0.144444
0 0.758854 0.792361 0.148958 0.415278
0 0.770833 0.881250 0.204167 0.237500
0 0.901042 0.777778 0.152083 0.444444
0 0.811979 0.665972 0.059375 0.206944
0 0.868750 0.633333 0.070833 0.169444
0 0.639062 0.786806 0.107292 0.426389
0 0.647917 0.635417 0.097917 0.198611
0 0.646354 0.558333 0.055208 0.094444
0 0.678646 0.587500 0.061458 0.233333
0 0.581250 0.620139 0.087500 0.151389
0 0.876042 0.520139 0.041667 0.073611
0 0.972396 0.567361 0.048958 0.087500
0 0.963542 0.745833 0.072917 0.300000
