0 0.082812 0.706250 0.088542 0.201389
0 0.025521 0.586111 0.048958 0.111111
0 0.148438 0.524306 0.061458 0.118056
0 0.285417 0.522917 0.070833 0.123611
0 0.333854 0.527083 0.046875 0.129167
0 0.348438 0.710417 0.190625 0.212500
0 0.443229 0.709028 0.084375 0.084722
0 0.505729 0.625694 0.059375 0.120833
0 0.521875 0.722222 0.125000 0.197222
0 0.621875 0.636806 0.185417 0.540278
0 0.742188 0.517361 0.051042 0.123611
0 0.786979 0.527083 0.073958 0.187500
0 0.824479 0.539583 0.101042 0.184722
0 0.876042 0.509028 0.037500 0.118056
0 0.168750 0.506944 0.029167 0.091667
0 0.298958 0.502083 0.031250 0.081944
0 0.354167 0.515278 0.027083 0.097222
0 0.376042 0.505556 0.035417 0.100000
0 0.396875 0.502083 0.031250 0.098611
0 0.413021 0.506944 0.028125 0.072222
0 0.456250 0.507639 0.025000 0.090278
0 0.476042 0.495833 0.031250 0.077778
0 0.470313 0.286111 0.032292 0.041667
0 0.959896 0.493056 0.019792 0.044444
0 0.981771 0.490278 0.013542 0.044444
0 0.991146 0.492361 0.015625 0.045833
