0 0.033333 0.684028 0.064583 0.212500
0 0.146354 0.595833 0.119792 0.119444
0 0.061458 0.560417 0.064583 0.095833
0 0.078125 0.504167 0.043750 0.119444
0 0.098437 0.558333 0.051042 0.100000
0 0.262500 0.595139 0.110417 0.115278
0 0.180208 0.516667 0.062500 0.141667
0 0.216667 0.509028 0.058333 0.118056
0 0.277083 0.500694 0.054167 0.104167
0 0.403125 0.683333 0.187500 0.230556
0 0.496354 0.690972 0.123958 0.087500
0 0.563542 0.699306 0.110417 0.212500
0 0.590104 0.594444 0.051042 0.100000
0 0.682813 0.614583 0.215625 0.526389
0 0.757292 0.527083 0.068750 0.193056
0 0.850521 0.509028 0.034375 0.118056
0 0.921354 0.490278 0.038542 0.100000
0 0.966146 0.495833 0.034375 0.108333
0 0.357292 0.498611 0.016667 0.063889
0 0.370833 0.489583 0.027083 0.076389
0 0.410938 0.504167 0.032292 0.088889
0 0.472917 0.521528 0.047917 0.129167
0 0.521354 0.493056 0.032292 0.088889
0 0.437500 0.493056 0.016667 0.077778
0 0.454688 0.493750 0.026042 0.095833
