0 0.082292 0.329861 0.162500 0.656944
0 0.236458 0.222917 0.108333 0.384722
0 0.321875 0.255556 0.079167 0.152778
0 0.238542 0.478472 0.179167 0.329167
0 0.363021 0.407639 0.136458 0.306944
0 0.402604 0.255556 0.115625 0.508333
0 0.501563 0.368056 0.169792 0.294444
0 0.544271 0.356944 0.121875 0.233333
0 0.615104 0.347222 0.119792 0.236111
0 0.544271 0.193750 0.109375 0.320833
0 0.648958 0.180556 0.075000 0.313889
0 0.716146 0.163194 0.096875 0.254167
0 0.690104 0.280556 0.084375 0.163889
0 0.745313 0.373611 0.163542 0.319444
0 0.790104 0.180556 0.080208 0.280556
0 0.740625 0.204167 0.102083 0.194444
0 0.960417 0.164583 0.079167 0.298611
0 0.942187 0.502778 0.115625 0.363889
