0 0.208854 0.498611 0.017708 0.033333
0 0.222396 0.518056 0.021875 0.069444
0 0.234896 0.520139 0.021875 0.070833
0 0.294271 0.511806 0.021875 0.059722
0 0.311458 0.515278 0.020833 0.069444
0 0.339583 0.538889 0.056250 0.150000
0 0.418229 0.540278 0.048958 0.150000
0 0.485417 0.556250 0.056250 0.148611
0 0.534375 0.552083 0.064583 0.156944
0 0.559375 0.545139 0.056250 0.148611
0 0.605729 0.546528 0.048958 0.159722
0 0.646875 0.556944 0.052083 0.150000
0 0.687500 0.543750 0.045833 0.140278
0 0.721875 0.549306 0.047917 0.148611
0 0.789062 0.543056 0.051042 0.147222
