0 0.386458 0.463194 0.118750 0.370833
0 0.459896 0.481250 0.140625 0.398611
0 0.061458 0.420139 0.029167 0.076389
0 0.084375 0.406250 0.031250 0.056944
0 0.143750 0.436111 0.033333 0.158333
0 0.176563 0.404167 0.030208 0.055556
0 0.254167 0.417361 0.029167 0.115278
0 0.272917 0.418056 0.029167 0.116667
0 0.476042 0.373611 0.014583 0.058333
0 0.485938 0.368056 0.019792 0.047222
0 0.592708 0.343056 0.014583 0.041667
0 0.602604 0.351389 0.011458 0.038889
0 0.611458 0.347917 0.014583 0.043056
0 0.678646 0.348611 0.017708 0.055556
0 0.698958 0.343056 0.012500 0.058333
