0 0.041667 0.577083 0.081250 0.190278
0 0.064583 0.521528 0.029167 0.065278
0 0.207813 0.559722 0.073958 0.133333
0 0.210417 0.552083 0.060417 0.090278
0 0.281771 0.539583 0.055208 0.093056
0 0.408333 0.575000 0.062500 0.194444
0 0.371354 0.508333 0.021875 0.047222
0 0.439583 0.571528 0.047917 0.156944
0 0.478646 0.558333 0.042708 0.144444
0 0.511458 0.571528 0.075000 0.170833
0 0.515104 0.493056 0.015625 0.036111
0 0.573958 0.553472 0.077083 0.159722
0 0.633333 0.545139 0.045833 0.120833
0 0.603646 0.533333 0.026042 0.116667
0 0.433333 0.486111 0.012500 0.027778
0 0.748437 0.512500 0.028125 0.069444
