0 0.966667 0.558333 0.066667 0.711111
0 0.835938 0.571528 0.167708 0.593056
0 0.426563 0.469444 0.036458 0.200000
0 0.542188 0.485417 0.057292 0.279167
0 0.632812 0.384722 0.007292 0.033333
0 0.639062 0.386111 0.007292 0.036111
0 0.645312 0.384722 0.007292 0.036111
0 0.652604 0.381944 0.007292 0.030556
0 0.658333 0.379861 0.008333 0.031944
0 0.703125 0.376389 0.022917 0.050000
0 0.738542 0.371528 0.006250 0.037500
0 0.745313 0.370833 0.009375 0.041667
0 0.847396 0.372222 0.017708 0.100000
0 0.852604 0.388889 0.023958 0.066667
0 0.874479 0.370833 0.040625 0.108333
0 0.925000 0.370833 0.031250 0.102778
0 0.963542 0.369444 0.027083 0.100000
