0 0.734375 0.563889 0.158333 0.719444
0 0.869792 0.377778 0.087500 0.225000
0 0.936979 0.359028 0.071875 0.245833
0 0.603646 0.379167 0.032292 0.116667
0 0.572917 0.364583 0.029167 0.093056
0 0.492188 0.340278 0.023958 0.050000
0 0.319271 0.403472 0.023958 0.090278
0 0.297396 0.406944 0.023958 0.088889
0 0.241667 0.407639 0.022917 0.084722
0 0.170313 0.412500 0.017708 0.063889
0 0.186458 0.400000 0.016667 0.050000
0 0.206250 0.409722 0.012500 0.066667
0 0.215625 0.394444 0.012500 0.038889
0 0.263542 0.405556 0.016667 0.069444
0 0.134896 0.418750 0.013542 0.059722
