0 0.107292 0.561806 0.075000 0.145833
0 0.210938 0.554861 0.053125 0.118056
0 0.258333 0.555556 0.058333 0.136111
0 0.388542 0.580556 0.068750 0.169444
0 0.476042 0.577778 0.058333 0.202778
0 0.149479 0.509722 0.034375 0.050000
0 0.442188 0.518750 0.021875 0.076389
0 0.497396 0.516667 0.023958 0.080556
0 0.518229 0.521528 0.026042 0.081944
0 0.549479 0.562500 0.044792 0.150000
0 0.553125 0.478472 0.012500 0.023611
0 0.573438 0.514583 0.028125 0.093056
0 0.625000 0.532639 0.031250 0.106944
0 0.665104 0.520833 0.026042 0.105556
0 0.758854 0.516667 0.021875 0.038889
