0 0.051562 0.581250 0.084375 0.220833
0 0.128646 0.588889 0.078125 0.200000
0 0.178646 0.565278 0.053125 0.172222
0 0.159896 0.582639 0.053125 0.165278
0 0.401562 0.575000 0.051042 0.188889
0 0.439583 0.594444 0.045833 0.172222
0 0.480729 0.587500 0.051042 0.197222
0 0.504687 0.579167 0.067708 0.238889
0 0.529687 0.609722 0.065625 0.211111
0 0.592187 0.605556 0.119792 0.380556
0 0.666667 0.586111 0.077083 0.200000
0 0.785417 0.580556 0.066667 0.205556
0 0.830729 0.565278 0.048958 0.186111
0 0.896354 0.559722 0.059375 0.144444
0 0.957812 0.574306 0.063542 0.165278
0 0.988021 0.575694 0.023958 0.134722
