0 0.639062 0.430556 0.096875 0.522222
0 0.758333 0.313889 0.041667 0.188889
0 0.788021 0.305556 0.038542 0.197222
0 0.418750 0.568056 0.102083 0.316667
0 0.019792 0.360417 0.037500 0.098611
0 0.133854 0.348611 0.023958 0.058333
0 0.094792 0.352778 0.029167 0.061111
0 0.162500 0.340278 0.012500 0.047222
0 0.193229 0.351389 0.019792 0.058333
0 0.325000 0.345139 0.022917 0.065278
0 0.466146 0.344444 0.023958 0.100000
0 0.473438 0.343056 0.015625 0.094444
0 0.484896 0.343750 0.013542 0.084722
0 0.499479 0.339583 0.023958 0.095833
0 0.501563 0.335417 0.019792 0.059722
0 0.550000 0.320139 0.016667 0.059722
0 0.566667 0.330556 0.012500 0.036111
