0 0.355208 0.493750 0.110417 0.145833
0 0.385417 0.464583 0.062500 0.104167
0 0.425000 0.490972 0.066667 0.123611
0 0.450521 0.472917 0.057292 0.118056
0 0.035937 0.467361 0.069792 0.281944
0 0.762500 0.722917 0.297917 0.554167
0 0.977083 0.661806 0.045833 0.398611
0 0.946354 0.476389 0.063542 0.127778
0 0.661979 0.456250 0.063542 0.137500
0 0.535417 0.440972 0.022917 0.062500
0 0.513542 0.440972 0.020833 0.056944
0 0.493750 0.440278 0.022917 0.055556
0 0.476042 0.440972 0.022917 0.054167
0 0.320312 0.431944 0.017708 0.055556
0 0.338542 0.436806 0.018750 0.048611
