0 0.209375 0.344444 0.027083 0.077778
0 0.230208 0.339583 0.022917 0.070833
0 0.192708 0.337500 0.025000 0.063889
0 0.264583 0.409028 0.066667 0.215278
0 0.350000 0.435417 0.164583 0.223611
0 0.368750 0.427083 0.077083 0.262500
0 0.428125 0.422917 0.077083 0.231944
0 0.446354 0.412500 0.071875 0.230556
0 0.501563 0.459028 0.069792 0.231944
0 0.520312 0.411806 0.051042 0.151389
0 0.635417 0.521528 0.183333 0.370833
0 0.641146 0.406944 0.092708 0.272222
0 0.694792 0.407639 0.081250 0.179167
0 0.760417 0.479861 0.104167 0.351389
0 0.784896 0.390278 0.055208 0.150000
0 0.833854 0.517361 0.109375 0.262500
0 0.961458 0.475694 0.077083 0.304167
