0 0.066667 0.568750 0.066667 0.137500
0 0.123958 0.513889 0.054167 0.047222
0 0.181771 0.558333 0.096875 0.141667
0 0.283854 0.547917 0.040625 0.106944
0 0.329167 0.572222 0.058333 0.172222
0 0.415104 0.577778 0.061458 0.172222
0 0.463542 0.531250 0.029167 0.106944
0 0.472917 0.497222 0.018750 0.038889
0 0.481250 0.531944 0.035417 0.097222
0 0.517188 0.561806 0.098958 0.162500
0 0.543229 0.500000 0.032292 0.055556
0 0.578646 0.551389 0.051042 0.133333
0 0.630208 0.533333 0.039583 0.119444
0 0.639583 0.528472 0.027083 0.098611
0 0.748958 0.509028 0.039583 0.070833
