0 0.464062 0.772222 0.111458 0.455556
0 0.394271 0.650694 0.080208 0.345833
0 0.358854 0.596528 0.063542 0.229167
0 0.047917 0.716667 0.093750 0.152778
0 0.464062 0.579861 0.063542 0.165278
0 0.493229 0.572222 0.042708 0.183333
0 0.554167 0.596528 0.062500 0.229167
0 0.563542 0.531250 0.045833 0.093056
0 0.595313 0.728472 0.144792 0.543056
0 0.633854 0.738194 0.098958 0.504167
0 0.764062 0.727083 0.173958 0.545833
0 0.673958 0.492361 0.050000 0.065278
0 0.826562 0.747917 0.092708 0.498611
0 0.894792 0.803472 0.129167 0.393056
0 0.961979 0.736806 0.076042 0.526389
0 0.954688 0.531944 0.059375 0.102778
0 0.908333 0.534722 0.052083 0.122222
0 0.877083 0.583333 0.075000 0.161111
